p ../examples2/Fig14-P.poly ../examples2/Fig14-Q.poly Fig14-R.poly

P has 1 component with 8 vertices

Q has 1 component with 8 vertices

Computing intersections...

4 0 0 6 0 0 0 3 3 0 -0
0 0 0 6 0 3 3 0 6 1 -1
0 0 0 6 0 0 6 3 9 -1 -2
0 0 0 6 0 3 9 5 11 -1 -4.5
0 0 0 6 0 5 11 3 13 2.66667 -5.5
0 0 0 6 0 3 13 6 13 2.66667 -5.5
0 0 0 6 0 6 13 6 0 1 1
0 0 0 6 0 6 0 0 0 1 1
0 6 0 3 3 0 0 3 3 1 1
0 6 0 3 3 3 3 0 6 1 -1
0 6 0 3 3 0 6 3 9 2 0
0 6 0 3 3 3 9 5 11 2 -1.5
0 6 0 3 3 5 11 3 13 2 -1.5
0 6 0 3 3 3 13 6 13 4.33333 -3.33333
0 6 0 3 3 6 13 6 0 0 1
4 6 0 3 3 6 0 0 0 0 -0
0 3 3 6 6 0 0 3 3 -1 1
4 3 3 6 6 3 3 0 6 0 -0
0 3 3 6 6 0 6 3 9 0 -0
0 3 3 6 6 3 9 5 11 0 -0
0 3 3 6 6 5 11 3 13 1.66667 -1.5
0 3 3 6 6 3 13 6 13 3.33333 3.33333
0 3 3 6 6 6 13 6 0 1 0.538462
0 3 3 6 6 6 0 0 0 -1 1
0 6 6 3 9 0 0 3 3 -0 2
0 6 6 3 9 3 3 0 6 -0 2
0 6 6 3 9 0 6 3 9 1 1
0 6 6 3 9 3 9 5 11 1 0
0 6 6 3 9 5 11 3 13 1 0
0 6 6 3 9 3 13 6 13 2.33333 -1.33333
2 6 6 3 9 6 13 6 0 -0 0.538462
0 6 6 3 9 6 0 0 0 -2 -1
0 3 9 1 11 0 0 3 3 -1.5 2
0 3 9 1 11 3 3 0 6 -1.5 2
0 3 9 1 11 0 6 3 9 -0 1
4 3 9 1 11 3 9 5 11 -0 0
0 3 9 1 11 5 11 3 13 -0 0
0 3 9 1 11 3 13 6 13 2 -1.33333
0 3 9 1 11 6 13 6 0 -1.5 0.538462
0 3 9 1 11 6 0 0 0 -4.5 -1
0 1 11 3 13 0 0 3 3 -4.5 -1
0 1 11 3 13 3 3 0 6 -1.5 1.66667
0 1 11 3 13 0 6 3 9 -1.5 1.66667
0 1 11 3 13 3 9 5 11 -1.5 1.66667
0 1 11 3 13 5 11 3 13 1 1
0 1 11 3 13 3 13 6 13 1 0
0 1 11 3 13 6 13 6 0 2.5 -0.230769
0 1 11 3 13 6 0 0 0 -5.5 2.66667
0 3 13 0 13 0 0 3 3 -3.33333 4.33333
0 3 13 0 13 3 3 0 6 3.33333 3.33333
0 3 13 0 13 0 6 3 9 -1.33333 2.33333
0 3 13 0 13 3 9 5 11 -1.33333 2
0 3 13 0 13 5 11 3 13 -0 1
8 3 13 0 13 3 13 6 13 0 -0
0 3 13 0 13 6 13 6 0 -1 -0
0 3 13 0 13 6 0 0 0 -1 -0
0 0 13 0 0 0 0 3 3 1 -0
0 0 13 0 0 3 3 0 6 0.538462 1
3 0 13 0 0 0 6 3 9 0.538462 0
0 0 13 0 0 3 9 5 11 0.538462 -1.5
0 0 13 0 0 5 11 3 13 -0.230769 2.5
0 0 13 0 0 3 13 6 13 0 -1
0 0 13 0 0 6 13 6 0 0 -1
0 0 13 0 0 6 0 0 0 1 1


--------------------------------
... 0 non-degenerate and 7 degenerate intersections found
       (2 T-intersections, 4 V-intersections,
        0 X-overlaps, 0 T-overlaps, 1 V-overlaps)
... 1 vertices added to P
... 1 vertices added to Q

Labelling intersections...

 3 0 0
18 18 36 0 0 0
0 0 4

36 -18 18 1 6 0
 2 6 0
6 0 6

18 0 -18 0 3 3
0 18 -18 0 3 3
3 3 2

21 -21 18 1 6 6
-18 18 18 1 6 6
6 6 2

18 12 0 0 3 9
-12 -8 0 1 3 9
3 9 1

-8 6 6 1 3 13
-6 0 6 1 3 13
3 13 2

21 18 0 0 0 6
21 18 0 0 0 6
0 6 2



--------------------------------
... 1 crossing and 4 bouncing intersection vertices
0 0 -4
0 0 *0
6 0 +8
6 0 +8
3 3 +2
6 6 +2
3 9 +1
3 13 +2
0 6 +2


--------------------------------
... 1 delayed crossings and 0 delayed bouncings
... 0 interior and 0 identical components added to result
3 13 &2
0 6 &2
0 0 &1
6 0 &1
3 3 &2
6 6 &2
3 9 &0
3 13 &2
6 6 &2
6 0 &1
0 0 &1
3 3 &2
0 6 &2
3 9 &0


--------------------------------
============ 2


--------------------------------
... 1 bouncing vertex pairs split
-------------- 0

Creating result...

Post-processing...

... 0 vertices removed

R has 2 components with 3 + 4 = 7 vertices

(base) lab01@lab01-Precision-7920-Tower:~/Documents/2019-Clipping simple polygons with degenerate intersections/polyclip2$ ./polyclip ../examples2/Fig15-P.poly ../examples2/Fig15-Q.poly Fig15-R.poly

P has 1 component with 6 vertices

Q has 1 component with 6 vertices

Computing intersections...

0 0 0 4 0 4 0 3 1 1 0
0 0 0 4 0 3 1 1 1 1 0
0 0 0 4 0 1 1 0 0 -0 1
4 0 0 4 0 0 0 0 2 0 -0
0 0 0 4 0 0 2 4 2 0 -0
0 0 0 4 0 4 2 4 0 1 1
4 4 0 4 2 4 0 3 1 0 -0
0 4 0 4 2 3 1 1 1 0.5 -0.5
0 4 0 4 2 1 1 0 0 2 -3
0 4 0 4 2 0 0 0 2 2 -3
0 4 0 4 2 0 2 4 2 1 1
0 4 0 4 2 4 2 4 0 1 1
0 4 2 3 1 4 0 3 1 1 1
0 4 2 3 1 3 1 1 1 1 0
0 4 2 3 1 1 1 0 0 1 0
0 4 2 3 1 0 0 0 2 4 -1
0 4 2 3 1 0 2 4 2 -0 1
4 4 2 3 1 4 2 4 0 -0 -0
0 3 1 1 1 4 0 3 1 -0 1
8 3 1 1 1 3 1 1 1 0 -0
0 3 1 1 1 1 1 0 0 1 -0
0 3 1 1 1 0 0 0 2 1.5 0.5
0 3 1 1 1 0 2 4 2 1.5 0.5
0 3 1 1 1 4 2 4 0 -0.5 0.5
0 1 1 0 2 4 0 3 1 -0.5 0.5
0 1 1 0 2 3 1 1 1 0 1
4 1 1 0 2 1 1 0 0 0 -0
0 1 1 0 2 0 0 0 2 1 1
0 1 1 0 2 0 2 4 2 1 0
0 1 1 0 2 4 2 4 0 -3 2
0 0 2 0 0 4 0 3 1 -1 4
0 0 2 0 0 3 1 1 1 0.5 1.5
0 0 2 0 0 1 1 0 0 1 1
0 0 2 0 0 0 0 0 2 1 1
4 0 2 0 0 0 2 4 2 0 0
0 0 2 0 0 4 2 4 0 0 0


--------------------------------
... 0 non-degenerate and 6 degenerate intersections found
       (0 T-intersections, 5 V-intersections,
        0 X-overlaps, 0 T-overlaps, 1 V-overlaps)
... 0 vertices added to P
... 0 vertices added to Q

Labelling intersections...

2 4 8 0 0 0
 2 0 0
0 0 7

 3 4 0
4 2 8 0 4 0
4 0 4

8 -4 2 1 4 2
 2 4 2
4 2 6

2 2 -2 0 3 1
 3 3 1
3 1 4

 2 1 1
2 2 -2 0 1 1
1 1 7

 3 0 2
-4 8 2 1 0 2
0 2 3



--------------------------------
... 0 crossing and 0 bouncing intersection vertices
0 0 +7
4 0 -4
4 0 *0
4 2 +8
4 2 +8
3 1 -4
3 1 *0
1 1 +9
1 1 +9
0 2 -3
0 2 *0
0 0 +8


--------------------------------
... 2 delayed crossings and 1 delayed bouncings
... 0 interior and 0 identical components added to result
4 0 &1
4 2 &1
3 1 &0
1 1 &1
0 2 &0
0 0 &0
3 1 &0
1 1 &1
0 0 &0
0 2 &0
4 2 &1
4 0 &1


--------------------------------
============ 0


--------------------------------
... 0 bouncing vertex pairs split
-------------- 2

Creating result...

Post-processing...

... 1 vertices removed

R has 2 components with 3 + 3 = 6 vertices

(base) lab01@lab01-Precision-7920-Tower:~/Documents/2019-Clipping simple polygons with degenerate intersections/polyclip2$ ./polyclip ../examples2/Fig16-P.poly ../examples2/Fig16-Q.poly Fig16-R.poly

P has 1 component with 4 vertices

Q has 1 component with 6 vertices

Computing intersections...

0 0 0 4 0 2 2 2 0 0.5 1
7 0 0 4 0 2 0 6 0 0.5 -0.5
0 0 0 4 0 6 0 6 -2 1.5 0
0 0 0 4 0 6 -2 -2 -2 1.5 0
0 0 0 4 0 -2 -2 -2 0 -0.5 1
0 0 0 4 0 -2 0 2 2 -0.5 -0
0 4 0 4 4 2 2 2 0 -0.5 -0
2 4 0 4 4 2 0 6 0 0 0.5
0 4 0 4 4 6 0 6 -2 0 0.5
0 4 0 4 4 6 -2 -2 -2 -0.5 0.25
0 4 0 4 4 -2 -2 -2 0 -0.5 0.25
0 4 0 4 4 -2 0 2 2 0.75 1.5
0 4 4 0 4 2 2 2 0 0.5 -1
0 4 4 0 4 2 0 6 0 0.5 -1
0 4 4 0 4 6 0 6 -2 -0.5 -2
0 4 4 0 4 6 -2 -2 -2 -0.5 -2
0 4 4 0 4 -2 -2 -2 0 1.5 3
0 4 4 0 4 -2 0 2 2 -0.5 2
0 0 4 0 0 2 2 2 0 -0.5 2
0 0 4 0 0 2 0 6 0 1 -0.5
0 0 4 0 0 6 0 6 -2 1 -0.5
0 0 4 0 0 6 -2 -2 -2 1.5 0.75
0 0 4 0 0 -2 -2 -2 0 1.5 0.75
1 0 4 0 0 -2 0 2 2 0.75 0.5


--------------------------------
... 1 non-degenerate and 2 degenerate intersections found
       (1 T-intersections, 0 V-intersections,
        0 X-overlaps, 1 T-overlaps, 0 V-overlaps)
... 2 vertices added to P
... 2 vertices added to Q

Labelling intersections...

4 4 0 0 2 0
 3 2 0
2 0 4

 2 4 0
0 -8 8 1 4 0
4 0 6

-6 -2 0 1 0 1
6 2 0 0 0 1
0 1 1



--------------------------------
... 1 crossing and 0 bouncing intersection vertices
2 0 -4
2 0 *0
4 0 +8
4 0 +8
0 1 +1


--------------------------------
... 1 delayed crossings and 0 delayed bouncings
... 0 interior and 0 identical components added to result
2 0 &0
4 0 &0
0 1 &1
2 0 &0
4 0 &0
0 1 &1


--------------------------------
============ 0


--------------------------------
... 0 bouncing vertex pairs split
-------------- 0

Creating result...

Post-processing...

... 0 vertices removed

R has 1 component with 4 vertices



P has 6 components with 4 + 4 + 4 + 4 + 4 + 4 = 24 vertices

Q has 10 components with 4 + 4 + 4 + 4 + 4 + 4 + 4 + 4 + 4 + 4 = 40 vertices

PP
-10, -10 1
10, -10 1
10, 10 1
-10, 10 1
QQ
-2, -2 1
-2, -12 1
-12, -12 1
-12, -2 1
Computing intersections...

1 -10 -10 10 -10 -2 -2 -2 -12 0.4 0.8
0 -10 -10 10 -10 -2 -12 -12 -12 0.4 0.8
0 -10 -10 10 -10 -12 -12 -12 -2 -0.1 0.2
0 -10 -10 10 -10 -12 -2 -2 -2 -0.1 0.2
0 -10 -10 10 -10 0 0 -14 0 -0.1 0.2
0 -10 -10 10 -10 -14 0 -14 -14 -0.2 0.714286
0 -10 -10 10 -10 -14 -14 0 -14 -0.2 0.714286
1 -10 -10 10 -10 0 -14 0 0 0.5 0.285714
0 -10 -10 10 -10 2 2 -16 2 0.5 0.285714
0 -10 -10 10 -10 -16 2 -16 -16 -0.3 0.666667
0 -10 -10 10 -10 -16 -16 2 -16 -0.3 0.666667
1 -10 -10 10 -10 2 -16 2 2 0.6 0.333333
0 -10 -10 10 -10 -4 4 -18 4 0.6 0.333333
0 -10 -10 10 -10 -18 4 -18 18 -0.4 -1
0 -10 -10 10 -10 -18 18 -4 18 -0.4 -1
0 -10 -10 10 -10 -4 18 -4 4 0.3 2
0 -10 -10 10 -10 -6 6 -16 6 0.3 2
0 -10 -10 10 -10 -16 6 -16 16 -0.3 -1.6
0 -10 -10 10 -10 -16 16 -6 16 -0.3 -1.6
0 -10 -10 10 -10 -6 16 -6 6 0.2 2.6
0 -10 -10 10 -10 -8 8 -14 8 0.2 2.6
0 -10 -10 10 -10 -14 8 -14 14 -0.2 -3
0 -10 -10 10 -10 -14 14 -8 14 -0.2 -3
0 -10 -10 10 -10 -8 14 -8 8 0.1 4
0 -10 -10 10 -10 -10 10 -12 10 0.1 4
0 -10 -10 10 -10 -12 10 -12 12 -0.1 -10
0 -10 -10 10 -10 -12 12 -10 12 -0.1 -10
0 -10 -10 10 -10 -10 12 -10 10 -0 11
0 -10 -10 10 -10 6 -8 6 8 0.8 -0.125
0 -10 -10 10 -10 6 8 20 8 0.8 -0.125
0 -10 -10 10 -10 20 8 20 -8 1.5 1.125
0 -10 -10 10 -10 20 -8 6 -8 1.5 1.125
0 -10 -10 10 -10 8 -6 8 6 0.9 -0.333333
0 -10 -10 10 -10 8 6 18 6 0.9 -0.333333
0 -10 -10 10 -10 18 6 18 -6 1.4 1.33333
0 -10 -10 10 -10 18 -6 8 -6 1.4 1.33333
0 -10 -10 10 -10 16 -4 16 4 1.3 -0.75
0 -10 -10 10 -10 16 4 10 4 1.3 -0.75
0 -10 -10 10 -10 10 4 10 -4 1 1.75
0 -10 -10 10 -10 10 -4 16 -4 1 1.75
0 10 -10 10 10 -2 -2 -2 -12 1 1.75
0 10 -10 10 10 -2 -12 -12 -12 -0.1 -1.2
0 10 -10 10 10 -12 -12 -12 -2 -0.1 -1.2
0 10 -10 10 10 -12 -2 -2 -2 0.4 2.2
0 10 -10 10 10 0 0 -14 0 0.5 -0.714286
0 10 -10 10 10 -14 0 -14 -14 0.5 -0.714286
0 10 -10 10 10 -14 -14 0 -14 -0.2 1.71429
0 10 -10 10 10 0 -14 0 0 -0.2 1.71429
0 10 -10 10 10 2 2 -16 2 0.6 -0.444444
0 10 -10 10 10 -16 2 -16 -16 0.6 -0.444444
0 10 -10 10 10 -16 -16 2 -16 -0.3 1.44444
0 10 -10 10 10 2 -16 2 2 -0.3 1.44444
0 10 -10 10 10 -4 4 -18 4 0.7 -1
0 10 -10 10 10 -18 4 -18 18 0.7 -1
0 10 -10 10 10 -18 18 -4 18 1.4 2
0 10 -10 10 10 -4 18 -4 4 1.4 2
0 10 -10 10 10 -6 6 -16 6 0.8 -1.6
0 10 -10 10 10 -16 6 -16 16 0.8 -1.6
0 10 -10 10 10 -16 16 -6 16 1.3 2.6
0 10 -10 10 10 -6 16 -6 6 1.3 2.6
0 10 -10 10 10 -8 8 -14 8 0.9 -3
0 10 -10 10 10 -14 8 -14 14 0.9 -3
0 10 -10 10 10 -14 14 -8 14 1.2 4
0 10 -10 10 10 -8 14 -8 8 1.2 4
0 10 -10 10 10 -10 10 -12 10 1 -10
0 10 -10 10 10 -12 10 -12 12 1 -10
0 10 -10 10 10 -12 12 -10 12 1.1 11
0 10 -10 10 10 -10 12 -10 10 1.1 11
0 10 -10 10 10 6 -8 6 8 1.1 11
1 10 -10 10 10 6 8 20 8 0.9 0.285714
0 10 -10 10 10 20 8 20 -8 0.9 0.285714
1 10 -10 10 10 20 -8 6 -8 0.1 0.714286
0 10 -10 10 10 8 -6 8 6 0.1 0.714286
1 10 -10 10 10 8 6 18 6 0.8 0.2
0 10 -10 10 10 18 6 18 -6 0.8 0.2
1 10 -10 10 10 18 -6 8 -6 0.2 0.8
0 10 -10 10 10 16 -4 16 4 0.2 0.8
0 10 -10 10 10 16 4 10 4 0.7 1
7 10 -10 10 10 10 4 10 -4 0.7 1.75
3 10 -10 10 10 10 -4 16 -4 0.3 0
0 10 10 -10 10 -2 -2 -2 -12 0.6 -1.2
0 10 10 -10 10 -2 -12 -12 -12 0.6 -1.2
0 10 10 -10 10 -12 -12 -12 -2 1.1 2.2
0 10 10 -10 10 -12 -2 -2 -2 1.1 2.2
0 10 10 -10 10 0 0 -14 0 1.1 2.2
0 10 10 -10 10 -14 0 -14 -14 1.2 -0.714286
0 10 10 -10 10 -14 -14 0 -14 1.2 -0.714286
0 10 10 -10 10 0 -14 0 0 0.5 1.71429
0 10 10 -10 10 2 2 -16 2 0.5 1.71429
0 10 10 -10 10 -16 2 -16 -16 1.3 -0.444444
0 10 10 -10 10 -16 -16 2 -16 1.3 -0.444444
0 10 10 -10 10 2 -16 2 2 0.4 1.44444
0 10 10 -10 10 -4 4 -18 4 0.4 1.44444
0 10 10 -10 10 -18 4 -18 18 1.4 0.428571
0 10 10 -10 10 -18 18 -4 18 1.4 0.428571
1 10 10 -10 10 -4 18 -4 4 0.7 0.571429
0 10 10 -10 10 -6 6 -16 6 0.7 0.571429
0 10 10 -10 10 -16 6 -16 16 1.3 0.4
0 10 10 -10 10 -16 16 -6 16 1.3 0.4
1 10 10 -10 10 -6 16 -6 6 0.8 0.6
0 10 10 -10 10 -8 8 -14 8 0.8 0.6
0 10 10 -10 10 -14 8 -14 14 1.2 0.333333
0 10 10 -10 10 -14 14 -8 14 1.2 0.333333
1 10 10 -10 10 -8 14 -8 8 0.9 0.666667
0 10 10 -10 10 -10 10 -12 10 1 -10
0 10 10 -10 10 -12 10 -12 12 1.1 0
0 10 10 -10 10 -12 12 -10 12 1.1 0
0 10 10 -10 10 -10 12 -10 10 1 1
0 10 10 -10 10 6 -8 6 8 0.2 1.125
0 10 10 -10 10 6 8 20 8 0.2 1.125
0 10 10 -10 10 20 8 20 -8 -0.5 -0.125
0 10 10 -10 10 20 -8 6 -8 -0.5 -0.125
0 10 10 -10 10 8 -6 8 6 0.1 1.33333
0 10 10 -10 10 8 6 18 6 0.1 1.33333
0 10 10 -10 10 18 6 18 -6 -0.4 -0.333333
0 10 10 -10 10 18 -6 8 -6 -0.4 -0.333333
0 10 10 -10 10 16 -4 16 4 -0.3 1.75
0 10 10 -10 10 16 4 10 4 -0.3 1.75
0 10 10 -10 10 10 4 10 -4 0 -0.75
0 10 10 -10 10 10 -4 16 -4 0 -0.75
0 -10 10 -10 -10 -2 -2 -2 -12 0 -0.75
0 -10 10 -10 -10 -2 -12 -12 -12 1.1 0.8
0 -10 10 -10 -10 -12 -12 -12 -2 1.1 0.8
1 -10 10 -10 -10 -12 -2 -2 -2 0.6 0.2
1 -10 10 -10 -10 0 0 -14 0 0.5 0.714286
0 -10 10 -10 -10 -14 0 -14 -14 0.5 0.714286
0 -10 10 -10 -10 -14 -14 0 -14 1.2 0.285714
0 -10 10 -10 -10 0 -14 0 0 1.2 0.285714
1 -10 10 -10 -10 2 2 -16 2 0.4 0.666667
0 -10 10 -10 -10 -16 2 -16 -16 0.4 0.666667
0 -10 10 -10 -10 -16 -16 2 -16 1.3 0.333333
0 -10 10 -10 -10 2 -16 2 2 1.3 0.333333
1 -10 10 -10 -10 -4 4 -18 4 0.3 0.428571
0 -10 10 -10 -10 -18 4 -18 18 0.3 0.428571
0 -10 10 -10 -10 -18 18 -4 18 -0.4 0.571429
0 -10 10 -10 -10 -4 18 -4 4 -0.4 0.571429
1 -10 10 -10 -10 -6 6 -16 6 0.2 0.4
0 -10 10 -10 -10 -16 6 -16 16 0.2 0.4
0 -10 10 -10 -10 -16 16 -6 16 -0.3 0.6
0 -10 10 -10 -10 -6 16 -6 6 -0.3 0.6
1 -10 10 -10 -10 -8 8 -14 8 0.1 0.333333
0 -10 10 -10 -10 -14 8 -14 14 0.1 0.333333
0 -10 10 -10 -10 -14 14 -8 14 -0.2 0.666667
0 -10 10 -10 -10 -8 14 -8 8 -0.2 0.666667
4 -10 10 -10 -10 -10 10 -12 10 -0 -0
0 -10 10 -10 -10 -12 10 -12 12 -0 -0
0 -10 10 -10 -10 -12 12 -10 12 -0.1 1
0 -10 10 -10 -10 -10 12 -10 10 -0.1 1
0 -10 10 -10 -10 6 -8 6 8 -0.1 1
0 -10 10 -10 -10 6 8 20 8 0.1 -1.14286
0 -10 10 -10 -10 20 8 20 -8 0.1 -1.14286
0 -10 10 -10 -10 20 -8 6 -8 0.9 2.14286
0 -10 10 -10 -10 8 -6 8 6 0.9 2.14286
0 -10 10 -10 -10 8 6 18 6 0.2 -1.8
0 -10 10 -10 -10 18 6 18 -6 0.2 -1.8
0 -10 10 -10 -10 18 -6 8 -6 0.8 2.8
0 -10 10 -10 -10 16 -4 16 4 0.8 2.8
0 -10 10 -10 -10 16 4 10 4 0.3 4.33333
0 -10 10 -10 -10 10 4 10 -4 0.3 4.33333
0 -10 10 -10 -10 10 -4 16 -4 0.7 -3.33333
1 -8 -8 8 -8 -2 -2 -2 -12 0.375 0.6
0 -8 -8 8 -8 -2 -12 -12 -12 0.375 0.6
0 -8 -8 8 -8 -12 -12 -12 -2 -0.25 0.4
0 -8 -8 8 -8 -12 -2 -2 -2 -0.25 0.4
0 -8 -8 8 -8 0 0 -14 0 -0.25 0.4
0 -8 -8 8 -8 -14 0 -14 -14 -0.375 0.571429
0 -8 -8 8 -8 -14 -14 0 -14 -0.375 0.571429
1 -8 -8 8 -8 0 -14 0 0 0.5 0.428571
0 -8 -8 8 -8 2 2 -16 2 0.5 0.428571
0 -8 -8 8 -8 -16 2 -16 -16 -0.5 0.555556
0 -8 -8 8 -8 -16 -16 2 -16 -0.5 0.555556
1 -8 -8 8 -8 2 -16 2 2 0.625 0.444444
0 -8 -8 8 -8 -4 4 -18 4 0.625 0.444444
0 -8 -8 8 -8 -18 4 -18 18 -0.625 -0.857143
0 -8 -8 8 -8 -18 18 -4 18 -0.625 -0.857143
0 -8 -8 8 -8 -4 18 -4 4 0.25 1.85714
0 -8 -8 8 -8 -6 6 -16 6 0.25 1.85714
0 -8 -8 8 -8 -16 6 -16 16 -0.5 -1.4
0 -8 -8 8 -8 -16 16 -6 16 -0.5 -1.4
0 -8 -8 8 -8 -6 16 -6 6 0.125 2.4
0 -8 -8 8 -8 -8 8 -14 8 0.125 2.4
0 -8 -8 8 -8 -14 8 -14 14 -0.375 -2.66667
0 -8 -8 8 -8 -14 14 -8 14 -0.375 -2.66667
0 -8 -8 8 -8 -8 14 -8 8 -0 3.66667
0 -8 -8 8 -8 -10 10 -12 10 -0 3.66667
0 -8 -8 8 -8 -12 10 -12 12 -0.25 -9
0 -8 -8 8 -8 -12 12 -10 12 -0.25 -9
0 -8 -8 8 -8 -10 12 -10 10 -0.125 10
3 -8 -8 8 -8 6 -8 6 8 0.875 0
0 -8 -8 8 -8 6 8 20 8 0.875 0
0 -8 -8 8 -8 20 8 20 -8 1.75 1
0 -8 -8 8 -8 20 -8 6 -8 1.75 2
0 -8 -8 8 -8 8 -6 8 6 1 -0.166667
0 -8 -8 8 -8 8 6 18 6 1 -0.166667
0 -8 -8 8 -8 18 6 18 -6 1.625 1.16667
0 -8 -8 8 -8 18 -6 8 -6 1.625 1.16667
0 -8 -8 8 -8 16 -4 16 4 1.5 -0.5
0 -8 -8 8 -8 16 4 10 4 1.5 -0.5
0 -8 -8 8 -8 10 4 10 -4 1.125 1.5
0 -8 -8 8 -8 10 -4 16 -4 1.125 1.5
0 8 -8 8 8 -2 -2 -2 -12 1.125 1.5
0 8 -8 8 8 -2 -12 -12 -12 -0.25 -1
0 8 -8 8 8 -12 -12 -12 -2 -0.25 -1
0 8 -8 8 8 -12 -2 -2 -2 0.375 2
0 8 -8 8 8 0 0 -14 0 0.5 -0.571429
0 8 -8 8 8 -14 0 -14 -14 0.5 -0.571429
0 8 -8 8 8 -14 -14 0 -14 -0.375 1.57143
0 8 -8 8 8 0 -14 0 0 -0.375 1.57143
0 8 -8 8 8 2 2 -16 2 0.625 -0.333333
0 8 -8 8 8 -16 2 -16 -16 0.625 -0.333333
0 8 -8 8 8 -16 -16 2 -16 -0.5 1.33333
0 8 -8 8 8 2 -16 2 2 -0.5 1.33333
0 8 -8 8 8 -4 4 -18 4 0.75 -0.857143
0 8 -8 8 8 -18 4 -18 18 0.75 -0.857143
0 8 -8 8 8 -18 18 -4 18 1.625 1.85714
0 8 -8 8 8 -4 18 -4 4 1.625 1.85714
0 8 -8 8 8 -6 6 -16 6 0.875 -1.4
0 8 -8 8 8 -16 6 -16 16 0.875 -1.4
0 8 -8 8 8 -16 16 -6 16 1.5 2.4
0 8 -8 8 8 -6 16 -6 6 1.5 2.4
0 8 -8 8 8 -8 8 -14 8 1 -2.66667
0 8 -8 8 8 -14 8 -14 14 1 -2.66667
0 8 -8 8 8 -14 14 -8 14 1.375 3.66667
0 8 -8 8 8 -8 14 -8 8 1.375 3.66667
0 8 -8 8 8 -10 10 -12 10 1.125 -9
0 8 -8 8 8 -12 10 -12 12 1.125 -9
0 8 -8 8 8 -12 12 -10 12 1.25 10
0 8 -8 8 8 -10 12 -10 10 1.25 10
0 8 -8 8 8 6 -8 6 8 1.25 10
0 8 -8 8 8 6 8 20 8 1 0.142857
0 8 -8 8 8 20 8 20 -8 1 0.142857
2 8 -8 8 8 20 -8 6 -8 0 0.857143
7 8 -8 8 8 8 -6 8 6 0.125 -0.166667
3 8 -8 8 8 8 6 18 6 0.875 0
0 8 -8 8 8 18 6 18 -6 0.875 0
0 8 -8 8 8 18 -6 8 -6 0.125 1
0 8 -8 8 8 16 -4 16 4 0.125 1
0 8 -8 8 8 16 4 10 4 0.75 1.33333
0 8 -8 8 8 10 4 10 -4 0.75 1.33333
0 8 -8 8 8 10 -4 16 -4 0.25 -0.333333
0 8 8 -8 8 -2 -2 -2 -12 0.625 -1
0 8 8 -8 8 -2 -12 -12 -12 0.625 -1
0 8 8 -8 8 -12 -12 -12 -2 1.25 2
0 8 8 -8 8 -12 -2 -2 -2 1.25 2
0 8 8 -8 8 0 0 -14 0 1.25 2
0 8 8 -8 8 -14 0 -14 -14 1.375 -0.571429
0 8 8 -8 8 -14 -14 0 -14 1.375 -0.571429
0 8 8 -8 8 0 -14 0 0 0.5 1.57143
0 8 8 -8 8 2 2 -16 2 0.5 1.57143
0 8 8 -8 8 -16 2 -16 -16 1.5 -0.333333
0 8 8 -8 8 -16 -16 2 -16 1.5 -0.333333
0 8 8 -8 8 2 -16 2 2 0.375 1.33333
0 8 8 -8 8 -4 4 -18 4 0.375 1.33333
0 8 8 -8 8 -18 4 -18 18 1.625 0.285714
0 8 8 -8 8 -18 18 -4 18 1.625 0.285714
1 8 8 -8 8 -4 18 -4 4 0.75 0.714286
0 8 8 -8 8 -6 6 -16 6 0.75 0.714286
0 8 8 -8 8 -16 6 -16 16 1.5 0.2
0 8 8 -8 8 -16 16 -6 16 1.5 0.2
1 8 8 -8 8 -6 16 -6 6 0.875 0.8
0 8 8 -8 8 -8 8 -14 8 1 -2.66667
0 8 8 -8 8 -14 8 -14 14 1.375 0
0 8 8 -8 8 -14 14 -8 14 1.375 0
0 8 8 -8 8 -8 14 -8 8 1 1
0 8 8 -8 8 -10 10 -12 10 1 1
0 8 8 -8 8 -12 10 -12 12 1.25 -1
0 8 8 -8 8 -12 12 -10 12 1.25 -1
0 8 8 -8 8 -10 12 -10 10 1.125 2
0 8 8 -8 8 6 -8 6 8 0.125 1
5 8 8 -8 8 6 8 20 8 0.125 0.142857
0 8 8 -8 8 20 8 20 -8 -0.75 -0
0 8 8 -8 8 20 -8 6 -8 -0.75 -0
0 8 8 -8 8 8 -6 8 6 -0 1.16667
0 8 8 -8 8 8 6 18 6 -0 1.16667
0 8 8 -8 8 18 6 18 -6 -0.625 -0.166667
0 8 8 -8 8 18 -6 8 -6 -0.625 -0.166667
0 8 8 -8 8 16 -4 16 4 -0.5 1.5
0 8 8 -8 8 16 4 10 4 -0.5 1.5
0 8 8 -8 8 10 4 10 -4 -0.125 -0.5
0 8 8 -8 8 10 -4 16 -4 -0.125 -0.5
0 -8 8 -8 -8 -2 -2 -2 -12 -0.125 -0.5
0 -8 8 -8 -8 -2 -12 -12 -12 1.25 0.6
0 -8 8 -8 -8 -12 -12 -12 -2 1.25 0.6
1 -8 8 -8 -8 -12 -2 -2 -2 0.625 0.4
1 -8 8 -8 -8 0 0 -14 0 0.5 0.571429
0 -8 8 -8 -8 -14 0 -14 -14 0.5 0.571429
0 -8 8 -8 -8 -14 -14 0 -14 1.375 0.428571
0 -8 8 -8 -8 0 -14 0 0 1.375 0.428571
1 -8 8 -8 -8 2 2 -16 2 0.375 0.555556
0 -8 8 -8 -8 -16 2 -16 -16 0.375 0.555556
0 -8 8 -8 -8 -16 -16 2 -16 1.5 0.444444
0 -8 8 -8 -8 2 -16 2 2 1.5 0.444444
1 -8 8 -8 -8 -4 4 -18 4 0.25 0.285714
0 -8 8 -8 -8 -18 4 -18 18 0.25 0.285714
0 -8 8 -8 -8 -18 18 -4 18 -0.625 0.714286
0 -8 8 -8 -8 -4 18 -4 4 -0.625 0.714286
1 -8 8 -8 -8 -6 6 -16 6 0.125 0.2
0 -8 8 -8 -8 -16 6 -16 16 0.125 0.2
0 -8 8 -8 -8 -16 16 -6 16 -0.5 0.8
0 -8 8 -8 -8 -6 16 -6 6 -0.5 0.8
4 -8 8 -8 -8 -8 8 -14 8 -0 -0
0 -8 8 -8 -8 -14 8 -14 14 -0 -0
0 -8 8 -8 -8 -14 14 -8 14 -0.375 1
0 -8 8 -8 -8 -8 14 -8 8 -0.375 1
0 -8 8 -8 -8 -10 10 -12 10 -0.125 -1
0 -8 8 -8 -8 -12 10 -12 12 -0.125 -1
0 -8 8 -8 -8 -12 12 -10 12 -0.25 2
0 -8 8 -8 -8 -10 12 -10 10 -0.25 2
0 -8 8 -8 -8 6 -8 6 8 -0.25 2
0 -8 8 -8 -8 6 8 20 8 0 -1
0 -8 8 -8 -8 20 8 20 -8 0 -1
0 -8 8 -8 -8 20 -8 6 -8 1 2
0 -8 8 -8 -8 8 -6 8 6 1 2
0 -8 8 -8 -8 8 6 18 6 0.125 -1.6
0 -8 8 -8 -8 18 6 18 -6 0.125 -1.6
0 -8 8 -8 -8 18 -6 8 -6 0.875 2.6
0 -8 8 -8 -8 16 -4 16 4 0.875 2.6
0 -8 8 -8 -8 16 4 10 4 0.25 4
0 -8 8 -8 -8 10 4 10 -4 0.25 4
0 -8 8 -8 -8 10 -4 16 -4 0.75 -3
0 -6 6 -6 -6 -2 -2 -2 -12 0.75 -3
0 -6 6 -6 -6 -2 -12 -12 -12 1.5 0.4
0 -6 6 -6 -6 -12 -12 -12 -2 1.5 0.4
1 -6 6 -6 -6 -12 -2 -2 -2 0.666667 0.6
1 -6 6 -6 -6 0 0 -14 0 0.5 0.428571
0 -6 6 -6 -6 -14 0 -14 -14 0.5 0.428571
0 -6 6 -6 -6 -14 -14 0 -14 1.66667 0.571429
0 -6 6 -6 -6 0 -14 0 0 1.66667 0.571429
1 -6 6 -6 -6 2 2 -16 2 0.333333 0.444444
0 -6 6 -6 -6 -16 2 -16 -16 0.333333 0.444444
0 -6 6 -6 -6 -16 -16 2 -16 1.83333 0.555556
0 -6 6 -6 -6 2 -16 2 2 1.83333 0.555556
1 -6 6 -6 -6 -4 4 -18 4 0.166667 0.142857
0 -6 6 -6 -6 -18 4 -18 18 0.166667 0.142857
0 -6 6 -6 -6 -18 18 -4 18 -1 0.857143
0 -6 6 -6 -6 -4 18 -4 4 -1 0.857143
4 -6 6 -6 -6 -6 6 -16 6 -0 -0
0 -6 6 -6 -6 -16 6 -16 16 -0 -0
0 -6 6 -6 -6 -16 16 -6 16 -0.833333 1
0 -6 6 -6 -6 -6 16 -6 6 -0.833333 1
0 -6 6 -6 -6 -8 8 -14 8 -0.166667 -0.333333
0 -6 6 -6 -6 -14 8 -14 14 -0.166667 -0.333333
0 -6 6 -6 -6 -14 14 -8 14 -0.666667 1.33333
0 -6 6 -6 -6 -8 14 -8 8 -0.666667 1.33333
0 -6 6 -6 -6 -10 10 -12 10 -0.333333 -2
0 -6 6 -6 -6 -12 10 -12 12 -0.333333 -2
0 -6 6 -6 -6 -12 12 -10 12 -0.5 3
0 -6 6 -6 -6 -10 12 -10 10 -0.5 3
0 -6 6 -6 -6 6 -8 6 8 -0.5 3
0 -6 6 -6 -6 6 8 20 8 -0.166667 -0.857143
0 -6 6 -6 -6 20 8 20 -8 -0.166667 -0.857143
0 -6 6 -6 -6 20 -8 6 -8 1.16667 1.85714
0 -6 6 -6 -6 8 -6 8 6 1.16667 1.85714
0 -6 6 -6 -6 8 6 18 6 0 -1.4
0 -6 6 -6 -6 18 6 18 -6 0 -1.4
0 -6 6 -6 -6 18 -6 8 -6 1 2.4
0 -6 6 -6 -6 16 -4 16 4 1 2.4
0 -6 6 -6 -6 16 4 10 4 0.166667 3.66667
0 -6 6 -6 -6 10 4 10 -4 0.166667 3.66667
0 -6 6 -6 -6 10 -4 16 -4 0.833333 -2.66667
1 -6 -6 6 -6 -2 -2 -2 -12 0.333333 0.4
0 -6 -6 6 -6 -2 -12 -12 -12 0.333333 0.4
0 -6 -6 6 -6 -12 -12 -12 -2 -0.5 0.6
0 -6 -6 6 -6 -12 -2 -2 -2 -0.5 0.6
0 -6 -6 6 -6 0 0 -14 0 -0.5 0.6
0 -6 -6 6 -6 -14 0 -14 -14 -0.666667 0.428571
0 -6 -6 6 -6 -14 -14 0 -14 -0.666667 0.428571
1 -6 -6 6 -6 0 -14 0 0 0.5 0.571429
0 -6 -6 6 -6 2 2 -16 2 0.5 0.571429
0 -6 -6 6 -6 -16 2 -16 -16 -0.833333 0.444444
0 -6 -6 6 -6 -16 -16 2 -16 -0.833333 0.444444
1 -6 -6 6 -6 2 -16 2 2 0.666667 0.555556
0 -6 -6 6 -6 -4 4 -18 4 0.666667 0.555556
0 -6 -6 6 -6 -18 4 -18 18 -1 -0.714286
0 -6 -6 6 -6 -18 18 -4 18 -1 -0.714286
0 -6 -6 6 -6 -4 18 -4 4 0.166667 1.71429
0 -6 -6 6 -6 -6 6 -16 6 0.166667 1.71429
0 -6 -6 6 -6 -16 6 -16 16 -0.833333 -1.2
0 -6 -6 6 -6 -16 16 -6 16 -0.833333 -1.2
0 -6 -6 6 -6 -6 16 -6 6 -0 2.2
0 -6 -6 6 -6 -8 8 -14 8 -0 2.2
0 -6 -6 6 -6 -14 8 -14 14 -0.666667 -2.33333
0 -6 -6 6 -6 -14 14 -8 14 -0.666667 -2.33333
0 -6 -6 6 -6 -8 14 -8 8 -0.166667 3.33333
0 -6 -6 6 -6 -10 10 -12 10 -0.166667 3.33333
0 -6 -6 6 -6 -12 10 -12 12 -0.5 -8
0 -6 -6 6 -6 -12 12 -10 12 -0.5 -8
0 -6 -6 6 -6 -10 12 -10 10 -0.333333 9
0 -6 -6 6 -6 6 -8 6 8 1 0.125
0 -6 -6 6 -6 6 8 20 8 1 0.125
0 -6 -6 6 -6 20 8 20 -8 2.16667 0.875
0 -6 -6 6 -6 20 -8 6 -8 2.16667 0.875
0 -6 -6 6 -6 8 -6 8 6 1.16667 -0
0 -6 -6 6 -6 8 6 18 6 1.16667 -0
0 -6 -6 6 -6 18 6 18 -6 2 1
0 -6 -6 6 -6 18 -6 8 -6 2 2.4
0 -6 -6 6 -6 16 -4 16 4 1.83333 -0.25
0 -6 -6 6 -6 16 4 10 4 1.83333 -0.25
0 -6 -6 6 -6 10 4 10 -4 1.33333 1.25
0 -6 -6 6 -6 10 -4 16 -4 1.33333 1.25
0 6 -6 6 6 -2 -2 -2 -12 1.33333 1.25
0 6 -6 6 6 -2 -12 -12 -12 -0.5 -0.8
0 6 -6 6 6 -12 -12 -12 -2 -0.5 -0.8
0 6 -6 6 6 -12 -2 -2 -2 0.333333 1.8
0 6 -6 6 6 0 0 -14 0 0.5 -0.428571
0 6 -6 6 6 -14 0 -14 -14 0.5 -0.428571
0 6 -6 6 6 -14 -14 0 -14 -0.666667 1.42857
0 6 -6 6 6 0 -14 0 0 -0.666667 1.42857
0 6 -6 6 6 2 2 -16 2 0.666667 -0.222222
0 6 -6 6 6 -16 2 -16 -16 0.666667 -0.222222
0 6 -6 6 6 -16 -16 2 -16 -0.833333 1.22222
0 6 -6 6 6 2 -16 2 2 -0.833333 1.22222
0 6 -6 6 6 -4 4 -18 4 0.833333 -0.714286
0 6 -6 6 6 -18 4 -18 18 0.833333 -0.714286
0 6 -6 6 6 -18 18 -4 18 2 1.71429
0 6 -6 6 6 -4 18 -4 4 2 1.71429
0 6 -6 6 6 -6 6 -16 6 1 -1.2
0 6 -6 6 6 -16 6 -16 16 1 -1.2
0 6 -6 6 6 -16 16 -6 16 1.83333 2.2
0 6 -6 6 6 -6 16 -6 6 1.83333 2.2
0 6 -6 6 6 -8 8 -14 8 1.16667 -2.33333
0 6 -6 6 6 -14 8 -14 14 1.16667 -2.33333
0 6 -6 6 6 -14 14 -8 14 1.66667 3.33333
0 6 -6 6 6 -8 14 -8 8 1.66667 3.33333
0 6 -6 6 6 -10 10 -12 10 1.33333 -8
0 6 -6 6 6 -12 10 -12 12 1.33333 -8
0 6 -6 6 6 -12 12 -10 12 1.5 9
0 6 -6 6 6 -10 12 -10 10 1.5 9
6 6 -6 6 6 6 -8 6 8 -0.166667 0.125
0 6 -6 6 6 6 8 20 8 1.16667 0
0 6 -6 6 6 20 8 20 -8 1.16667 0
0 6 -6 6 6 20 -8 6 -8 -0.166667 1
0 6 -6 6 6 8 -6 8 6 -0.166667 1
0 6 -6 6 6 8 6 18 6 1 -0.2
0 6 -6 6 6 18 6 18 -6 1 -0.2
0 6 -6 6 6 18 -6 8 -6 0 1.2
0 6 -6 6 6 16 -4 16 4 0 1.2
0 6 -6 6 6 16 4 10 4 0.833333 1.66667
0 6 -6 6 6 10 4 10 -4 0.833333 1.66667
0 6 -6 6 6 10 -4 16 -4 0.166667 -0.666667
0 6 6 -6 6 -2 -2 -2 -12 0.666667 -0.8
0 6 6 -6 6 -2 -12 -12 -12 0.666667 -0.8
0 6 6 -6 6 -12 -12 -12 -2 1.5 1.8
0 6 6 -6 6 -12 -2 -2 -2 1.5 1.8
0 6 6 -6 6 0 0 -14 0 1.5 1.8
0 6 6 -6 6 -14 0 -14 -14 1.66667 -0.428571
0 6 6 -6 6 -14 -14 0 -14 1.66667 -0.428571
0 6 6 -6 6 0 -14 0 0 0.5 1.42857
0 6 6 -6 6 2 2 -16 2 0.5 1.42857
0 6 6 -6 6 -16 2 -16 -16 1.83333 -0.222222
0 6 6 -6 6 -16 -16 2 -16 1.83333 -0.222222
0 6 6 -6 6 2 -16 2 2 0.333333 1.22222
0 6 6 -6 6 -4 4 -18 4 0.333333 1.22222
0 6 6 -6 6 -18 4 -18 18 2 0.142857
0 6 6 -6 6 -18 18 -4 18 2 0.142857
1 6 6 -6 6 -4 18 -4 4 0.833333 0.857143
0 6 6 -6 6 -6 6 -16 6 1 -1.2
0 6 6 -6 6 -16 6 -16 16 1.83333 0
0 6 6 -6 6 -16 16 -6 16 1.83333 0
0 6 6 -6 6 -6 16 -6 6 1 1
0 6 6 -6 6 -8 8 -14 8 1 1
0 6 6 -6 6 -14 8 -14 14 1.66667 -0.333333
0 6 6 -6 6 -14 14 -8 14 1.66667 -0.333333
0 6 6 -6 6 -8 14 -8 8 1.16667 1.33333
0 6 6 -6 6 -10 10 -12 10 1.16667 1.33333
0 6 6 -6 6 -12 10 -12 12 1.5 -2
0 6 6 -6 6 -12 12 -10 12 1.5 -2
0 6 6 -6 6 -10 12 -10 10 1.33333 3
2 6 6 -6 6 6 -8 6 8 -0 0.875
0 6 6 -6 6 6 8 20 8 -0 0.875
0 6 6 -6 6 20 8 20 -8 -1.16667 0.125
0 6 6 -6 6 20 -8 6 -8 -1.16667 0.125
0 6 6 -6 6 8 -6 8 6 -0.166667 1
0 6 6 -6 6 8 6 18 6 -0.166667 -0.2
0 6 6 -6 6 18 6 18 -6 -1 -0
0 6 6 -6 6 18 -6 8 -6 -1 -0
0 6 6 -6 6 16 -4 16 4 -0.833333 1.25
0 6 6 -6 6 16 4 10 4 -0.833333 1.25
0 6 6 -6 6 10 4 10 -4 -0.333333 -0.25
0 6 6 -6 6 10 -4 16 -4 -0.333333 -0.25
0 4 4 4 -4 -2 -2 -2 -12 -0.333333 -0.25
0 4 4 4 -4 -2 -12 -12 -12 2 -0.6
0 4 4 4 -4 -12 -12 -12 -2 2 -0.6
0 4 4 4 -4 -12 -2 -2 -2 0.75 1.6
0 4 4 4 -4 0 0 -14 0 0.5 -0.285714
0 4 4 4 -4 -14 0 -14 -14 0.5 -0.285714
0 4 4 4 -4 -14 -14 0 -14 2.25 1.28571
0 4 4 4 -4 0 -14 0 0 2.25 1.28571
0 4 4 4 -4 2 2 -16 2 0.25 -0.111111
0 4 4 4 -4 -16 2 -16 -16 0.25 -0.111111
0 4 4 4 -4 -16 -16 2 -16 2.5 1.11111
0 4 4 4 -4 2 -16 2 2 2.5 1.11111
0 4 4 4 -4 -4 4 -18 4 -0 -0.571429
0 4 4 4 -4 -18 4 -18 18 -0 -0.571429
0 4 4 4 -4 -18 18 -4 18 -1.75 1.57143
0 4 4 4 -4 -4 18 -4 4 -1.75 1.57143
0 4 4 4 -4 -6 6 -16 6 -0.25 -1
0 4 4 4 -4 -16 6 -16 16 -0.25 -1
0 4 4 4 -4 -16 16 -6 16 -1.5 2
0 4 4 4 -4 -6 16 -6 6 -1.5 2
0 4 4 4 -4 -8 8 -14 8 -0.5 -2
0 4 4 4 -4 -14 8 -14 14 -0.5 -2
0 4 4 4 -4 -14 14 -8 14 -1.25 3
0 4 4 4 -4 -8 14 -8 8 -1.25 3
0 4 4 4 -4 -10 10 -12 10 -0.75 -7
0 4 4 4 -4 -12 10 -12 12 -0.75 -7
0 4 4 4 -4 -12 12 -10 12 -1 8
0 4 4 4 -4 -10 12 -10 10 -1 8
0 4 4 4 -4 6 -8 6 8 -1 8
0 4 4 4 -4 6 8 20 8 -0.5 -0.142857
0 4 4 4 -4 20 8 20 -8 -0.5 -0.142857
0 4 4 4 -4 20 -8 6 -8 1.5 1.14286
0 4 4 4 -4 8 -6 8 6 1.5 1.14286
0 4 4 4 -4 8 6 18 6 -0.25 -0.4
0 4 4 4 -4 18 6 18 -6 -0.25 -0.4
0 4 4 4 -4 18 -6 8 -6 1.25 1.4
0 4 4 4 -4 16 -4 16 4 1.25 1.4
0 4 4 4 -4 16 4 10 4 -0 2
0 4 4 4 -4 10 4 10 -4 -0 2
0 4 4 4 -4 10 -4 16 -4 1 -1
1 4 -4 -4 -4 -2 -2 -2 -12 0.75 0.2
0 4 -4 -4 -4 -2 -12 -12 -12 0.75 0.2
0 4 -4 -4 -4 -12 -12 -12 -2 2 0.8
0 4 -4 -4 -4 -12 -2 -2 -2 2 0.8
0 4 -4 -4 -4 0 0 -14 0 2 0.8
0 4 -4 -4 -4 -14 0 -14 -14 2.25 0.285714
0 4 -4 -4 -4 -14 -14 0 -14 2.25 0.285714
1 4 -4 -4 -4 0 -14 0 0 0.5 0.714286
0 4 -4 -4 -4 2 2 -16 2 0.5 0.714286
0 4 -4 -4 -4 -16 2 -16 -16 2.5 0.333333
0 4 -4 -4 -4 -16 -16 2 -16 2.5 0.333333
1 4 -4 -4 -4 2 -16 2 2 0.25 0.666667
0 4 -4 -4 -4 -4 4 -18 4 0.25 0.666667
0 4 -4 -4 -4 -18 4 -18 18 2.75 -0.571429
0 4 -4 -4 -4 -18 18 -4 18 2.75 -0.571429
0 4 -4 -4 -4 -4 18 -4 4 1 1.57143
0 4 -4 -4 -4 -6 6 -16 6 1 1.57143
0 4 -4 -4 -4 -16 6 -16 16 2.5 -1
0 4 -4 -4 -4 -16 16 -6 16 2.5 -1
0 4 -4 -4 -4 -6 16 -6 6 1.25 2
0 4 -4 -4 -4 -8 8 -14 8 1.25 2
0 4 -4 -4 -4 -14 8 -14 14 2.25 -2
0 4 -4 -4 -4 -14 14 -8 14 2.25 -2
0 4 -4 -4 -4 -8 14 -8 8 1.5 3
0 4 -4 -4 -4 -10 10 -12 10 1.5 3
0 4 -4 -4 -4 -12 10 -12 12 2 -7
0 4 -4 -4 -4 -12 12 -10 12 2 -7
0 4 -4 -4 -4 -10 12 -10 10 1.75 8
0 4 -4 -4 -4 6 -8 6 8 -0.25 0.25
0 4 -4 -4 -4 6 8 20 8 -0.25 0.25
0 4 -4 -4 -4 20 8 20 -8 -2 0.75
0 4 -4 -4 -4 20 -8 6 -8 -2 0.75
0 4 -4 -4 -4 8 -6 8 6 -0.5 0.166667
0 4 -4 -4 -4 8 6 18 6 -0.5 0.166667
0 4 -4 -4 -4 18 6 18 -6 -1.75 0.833333
0 4 -4 -4 -4 18 -6 8 -6 -1.75 0.833333
0 4 -4 -4 -4 16 -4 16 4 -1.5 0
0 4 -4 -4 -4 16 4 10 4 -1.5 0
0 4 -4 -4 -4 10 4 10 -4 -0.75 1
0 4 -4 -4 -4 10 -4 16 -4 -0.75 -1
0 -4 -4 -4 4 -2 -2 -2 -12 -0.75 -1
0 -4 -4 -4 4 -2 -12 -12 -12 -1 0.2
0 -4 -4 -4 4 -12 -12 -12 -2 -1 0.2
1 -4 -4 -4 4 -12 -2 -2 -2 0.25 0.8
1 -4 -4 -4 4 0 0 -14 0 0.5 0.285714
0 -4 -4 -4 4 -14 0 -14 -14 0.5 0.285714
0 -4 -4 -4 4 -14 -14 0 -14 -1.25 0.714286
0 -4 -4 -4 4 0 -14 0 0 -1.25 0.714286
1 -4 -4 -4 4 2 2 -16 2 0.75 0.333333
0 -4 -4 -4 4 -16 2 -16 -16 0.75 0.333333
0 -4 -4 -4 4 -16 -16 2 -16 -1.5 0.666667
0 -4 -4 -4 4 2 -16 2 2 -1.5 0.666667
0 -4 -4 -4 4 -4 4 -18 4 1 -0
0 -4 -4 -4 4 -18 4 -18 18 1 -0
0 -4 -4 -4 4 -18 18 -4 18 2.75 1
0 -4 -4 -4 4 -4 18 -4 4 2.75 1.57143
0 -4 -4 -4 4 -6 6 -16 6 1.25 -0.2
0 -4 -4 -4 4 -16 6 -16 16 1.25 -0.2
0 -4 -4 -4 4 -16 16 -6 16 2.5 1.2
0 -4 -4 -4 4 -6 16 -6 6 2.5 1.2
0 -4 -4 -4 4 -8 8 -14 8 1.5 -0.666667
0 -4 -4 -4 4 -14 8 -14 14 1.5 -0.666667
0 -4 -4 -4 4 -14 14 -8 14 2.25 1.66667
0 -4 -4 -4 4 -8 14 -8 8 2.25 1.66667
0 -4 -4 -4 4 -10 10 -12 10 1.75 -3
0 -4 -4 -4 4 -12 10 -12 12 1.75 -3
0 -4 -4 -4 4 -12 12 -10 12 2 4
0 -4 -4 -4 4 -10 12 -10 10 2 4
0 -4 -4 -4 4 6 -8 6 8 2 4
0 -4 -4 -4 4 6 8 20 8 1.5 -0.714286
0 -4 -4 -4 4 20 8 20 -8 1.5 -0.714286
0 -4 -4 -4 4 20 -8 6 -8 -0.5 1.71429
0 -4 -4 -4 4 8 -6 8 6 -0.5 1.71429
0 -4 -4 -4 4 8 6 18 6 1.25 -1.2
0 -4 -4 -4 4 18 6 18 -6 1.25 -1.2
0 -4 -4 -4 4 18 -6 8 -6 -0.25 2.2
0 -4 -4 -4 4 16 -4 16 4 -0.25 2.2
0 -4 -4 -4 4 16 4 10 4 1 3.33333
0 -4 -4 -4 4 10 4 10 -4 1 3.33333
0 -4 -4 -4 4 10 -4 16 -4 -0 -2.33333
0 -4 4 4 4 -2 -2 -2 -12 0.25 -0.6
0 -4 4 4 4 -2 -12 -12 -12 0.25 -0.6
0 -4 4 4 4 -12 -12 -12 -2 -1 1.6
0 -4 4 4 4 -12 -2 -2 -2 -1 1.6
0 -4 4 4 4 0 0 -14 0 -1 1.6
0 -4 4 4 4 -14 0 -14 -14 -1.25 -0.285714
0 -4 4 4 4 -14 -14 0 -14 -1.25 -0.285714
0 -4 4 4 4 0 -14 0 0 0.5 1.28571
0 -4 4 4 4 2 2 -16 2 0.5 1.28571
0 -4 4 4 4 -16 2 -16 -16 -1.5 -0.111111
0 -4 4 4 4 -16 -16 2 -16 -1.5 -0.111111
0 -4 4 4 4 2 -16 2 2 0.75 1.11111
8 -4 4 4 4 -4 4 -18 4 0 -0
0 -4 4 4 4 -18 4 -18 18 -1.75 -0
0 -4 4 4 4 -18 18 -4 18 -1.75 -0
0 -4 4 4 4 -4 18 -4 4 -0 1
0 -4 4 4 4 -6 6 -16 6 -0 1
0 -4 4 4 4 -16 6 -16 16 -1.5 -0.2
0 -4 4 4 4 -16 16 -6 16 -1.5 -0.2
0 -4 4 4 4 -6 16 -6 6 -0.25 1.2
0 -4 4 4 4 -8 8 -14 8 -0.25 1.2
0 -4 4 4 4 -14 8 -14 14 -1.25 -0.666667
0 -4 4 4 4 -14 14 -8 14 -1.25 -0.666667
0 -4 4 4 4 -8 14 -8 8 -0.5 1.66667
0 -4 4 4 4 -10 10 -12 10 -0.5 1.66667
0 -4 4 4 4 -12 10 -12 12 -1 -3
0 -4 4 4 4 -12 12 -10 12 -1 -3
0 -4 4 4 4 -10 12 -10 10 -0.75 4
0 -4 4 4 4 6 -8 6 8 1.25 0.75
0 -4 4 4 4 6 8 20 8 1.25 0.75
0 -4 4 4 4 20 8 20 -8 3 0.25
0 -4 4 4 4 20 -8 6 -8 3 0.25
0 -4 4 4 4 8 -6 8 6 1.5 0.833333
0 -4 4 4 4 8 6 18 6 1.5 0.833333
0 -4 4 4 4 18 6 18 -6 2.75 0.166667
0 -4 4 4 4 18 -6 8 -6 2.75 0.166667
0 -4 4 4 4 16 -4 16 4 2.5 1
0 -4 4 4 4 16 4 10 4 2.5 3.33333
0 -4 4 4 4 10 4 10 -4 1.75 0
0 -4 4 4 4 10 -4 16 -4 1.75 0
0 20 -8 20 8 -2 -2 -2 -12 1.75 0
0 20 -8 20 8 -2 -12 -12 -12 -0.25 -2.2
0 20 -8 20 8 -12 -12 -12 -2 -0.25 -2.2
0 20 -8 20 8 -12 -2 -2 -2 0.375 3.2
0 20 -8 20 8 0 0 -14 0 0.5 -1.42857
0 20 -8 20 8 -14 0 -14 -14 0.5 -1.42857
0 20 -8 20 8 -14 -14 0 -14 -0.375 2.42857
0 20 -8 20 8 0 -14 0 0 -0.375 2.42857
0 20 -8 20 8 2 2 -16 2 0.625 -1
0 20 -8 20 8 -16 2 -16 -16 0.625 -1
0 20 -8 20 8 -16 -16 2 -16 -0.5 2
0 20 -8 20 8 2 -16 2 2 -0.5 2
0 20 -8 20 8 -4 4 -18 4 0.75 -1.71429
0 20 -8 20 8 -18 4 -18 18 0.75 -1.71429
0 20 -8 20 8 -18 18 -4 18 1.625 2.71429
0 20 -8 20 8 -4 18 -4 4 1.625 2.71429
0 20 -8 20 8 -6 6 -16 6 0.875 -2.6
0 20 -8 20 8 -16 6 -16 16 0.875 -2.6
0 20 -8 20 8 -16 16 -6 16 1.5 3.6
0 20 -8 20 8 -6 16 -6 6 1.5 3.6
0 20 -8 20 8 -8 8 -14 8 1 -4.66667
0 20 -8 20 8 -14 8 -14 14 1 -4.66667
0 20 -8 20 8 -14 14 -8 14 1.375 5.66667
0 20 -8 20 8 -8 14 -8 8 1.375 5.66667
0 20 -8 20 8 -10 10 -12 10 1.125 -15
0 20 -8 20 8 -12 10 -12 12 1.125 -15
0 20 -8 20 8 -12 12 -10 12 1.25 16
0 20 -8 20 8 -10 12 -10 10 1.25 16
0 20 -8 20 8 6 -8 6 8 1.25 16
0 20 -8 20 8 6 8 20 8 1 1
0 20 -8 20 8 20 8 20 -8 1 1
4 20 -8 20 8 20 -8 6 -8 0 -0
0 20 -8 20 8 8 -6 8 6 0 -0
0 20 -8 20 8 8 6 18 6 0.875 1.2
0 20 -8 20 8 18 6 18 -6 0.875 1.2
0 20 -8 20 8 18 -6 8 -6 0.125 -0.2
0 20 -8 20 8 16 -4 16 4 0.125 -0.2
0 20 -8 20 8 16 4 10 4 0.75 -0.666667
0 20 -8 20 8 10 4 10 -4 0.75 -0.666667
0 20 -8 20 8 10 -4 16 -4 0.25 1.66667
0 20 8 12 8 -2 -2 -2 -12 2.75 -1
0 20 8 12 8 -2 -12 -12 -12 2.75 -1
0 20 8 12 8 -12 -12 -12 -2 4 2
0 20 8 12 8 -12 -2 -2 -2 4 2
0 20 8 12 8 0 0 -14 0 4 2
0 20 8 12 8 -14 0 -14 -14 4.25 -0.571429
0 20 8 12 8 -14 -14 0 -14 4.25 -0.571429
0 20 8 12 8 0 -14 0 0 2.5 1.57143
0 20 8 12 8 2 2 -16 2 2.5 1.57143
0 20 8 12 8 -16 2 -16 -16 4.5 -0.333333
0 20 8 12 8 -16 -16 2 -16 4.5 -0.333333
0 20 8 12 8 2 -16 2 2 2.25 1.33333
0 20 8 12 8 -4 4 -18 4 2.25 1.33333
0 20 8 12 8 -18 4 -18 18 4.75 0.285714
0 20 8 12 8 -18 18 -4 18 4.75 0.285714
0 20 8 12 8 -4 18 -4 4 3 0.714286
0 20 8 12 8 -6 6 -16 6 3 0.714286
0 20 8 12 8 -16 6 -16 16 4.5 0.2
0 20 8 12 8 -16 16 -6 16 4.5 0.2
0 20 8 12 8 -6 16 -6 6 3.25 0.8
0 20 8 12 8 -8 8 -14 8 3.5 -4.66667
0 20 8 12 8 -14 8 -14 14 4.25 0
0 20 8 12 8 -14 14 -8 14 4.25 0
0 20 8 12 8 -8 14 -8 8 3.5 1
0 20 8 12 8 -10 10 -12 10 3.5 1
0 20 8 12 8 -12 10 -12 12 4 -1
0 20 8 12 8 -12 12 -10 12 4 -1
0 20 8 12 8 -10 12 -10 10 3.75 2
0 20 8 12 8 6 -8 6 8 1.75 1
0 20 8 12 8 6 8 20 8 1.75 1
4 20 8 12 8 20 8 20 -8 -0 -0
0 20 8 12 8 20 -8 6 -8 -0 -0
0 20 8 12 8 8 -6 8 6 1.5 1.16667
0 20 8 12 8 8 6 18 6 1.5 1.16667
0 20 8 12 8 18 6 18 -6 0.25 -0.166667
0 20 8 12 8 18 -6 8 -6 0.25 -0.166667
0 20 8 12 8 16 -4 16 4 0.5 1.5
0 20 8 12 8 16 4 10 4 0.5 1.5
0 20 8 12 8 10 4 10 -4 1.25 -0.5
0 20 8 12 8 10 -4 16 -4 1.25 -0.5
0 12 8 12 -8 -2 -2 -2 -12 1.25 -0.5
0 12 8 12 -8 -2 -12 -12 -12 1.25 -1.4
0 12 8 12 -8 -12 -12 -12 -2 1.25 -1.4
0 12 8 12 -8 -12 -2 -2 -2 0.625 2.4
0 12 8 12 -8 0 0 -14 0 0.5 -0.857143
0 12 8 12 -8 -14 0 -14 -14 0.5 -0.857143
0 12 8 12 -8 -14 -14 0 -14 1.375 1.85714
0 12 8 12 -8 0 -14 0 0 1.375 1.85714
0 12 8 12 -8 2 2 -16 2 0.375 -0.555556
0 12 8 12 -8 -16 2 -16 -16 0.375 -0.555556
0 12 8 12 -8 -16 -16 2 -16 1.5 1.55556
0 12 8 12 -8 2 -16 2 2 1.5 1.55556
0 12 8 12 -8 -4 4 -18 4 0.25 -1.14286
0 12 8 12 -8 -18 4 -18 18 0.25 -1.14286
0 12 8 12 -8 -18 18 -4 18 -0.625 2.14286
0 12 8 12 -8 -4 18 -4 4 -0.625 2.14286
0 12 8 12 -8 -6 6 -16 6 0.125 -1.8
0 12 8 12 -8 -16 6 -16 16 0.125 -1.8
0 12 8 12 -8 -16 16 -6 16 -0.5 2.8
0 12 8 12 -8 -6 16 -6 6 -0.5 2.8
0 12 8 12 -8 -8 8 -14 8 -0 -3.33333
0 12 8 12 -8 -14 8 -14 14 -0 -3.33333
0 12 8 12 -8 -14 14 -8 14 -0.375 4.33333
0 12 8 12 -8 -8 14 -8 8 -0.375 4.33333
0 12 8 12 -8 -10 10 -12 10 -0.125 -11
0 12 8 12 -8 -12 10 -12 12 -0.125 -11
0 12 8 12 -8 -12 12 -10 12 -0.25 12
0 12 8 12 -8 -10 12 -10 10 -0.25 12
0 12 8 12 -8 6 -8 6 8 -0.25 12
2 12 8 12 -8 6 8 20 8 -0 0.428571
0 12 8 12 -8 20 8 20 -8 -0 0.428571
0 12 8 12 -8 20 -8 6 -8 1 0.571429
0 12 8 12 -8 8 -6 8 6 1 0.571429
1 12 8 12 -8 8 6 18 6 0.125 0.4
0 12 8 12 -8 18 6 18 -6 0.125 0.4
1 12 8 12 -8 18 -6 8 -6 0.875 0.6
0 12 8 12 -8 16 -4 16 4 0.875 0.6
1 12 8 12 -8 16 4 10 4 0.25 0.666667
0 12 8 12 -8 10 4 10 -4 0.25 0.666667
1 12 8 12 -8 10 -4 16 -4 0.75 0.333333
0 12 -8 20 -8 -2 -2 -2 -12 -1.75 0.6
0 12 -8 20 -8 -2 -12 -12 -12 -1.75 0.6
0 12 -8 20 -8 -12 -12 -12 -2 -3 0.4
0 12 -8 20 -8 -12 -2 -2 -2 -3 0.4
0 12 -8 20 -8 0 0 -14 0 -3 0.4
0 12 -8 20 -8 -14 0 -14 -14 -3.25 0.571429
0 12 -8 20 -8 -14 -14 0 -14 -3.25 0.571429
0 12 -8 20 -8 0 -14 0 0 -1.5 0.428571
0 12 -8 20 -8 2 2 -16 2 -1.5 0.428571
0 12 -8 20 -8 -16 2 -16 -16 -3.5 0.555556
0 12 -8 20 -8 -16 -16 2 -16 -3.5 0.555556
0 12 -8 20 -8 2 -16 2 2 -1.25 0.444444
0 12 -8 20 -8 -4 4 -18 4 -1.25 0.444444
0 12 -8 20 -8 -18 4 -18 18 -3.75 -0.857143
0 12 -8 20 -8 -18 18 -4 18 -3.75 -0.857143
0 12 -8 20 -8 -4 18 -4 4 -2 1.85714
0 12 -8 20 -8 -6 6 -16 6 -2 1.85714
0 12 -8 20 -8 -16 6 -16 16 -3.5 -1.4
0 12 -8 20 -8 -16 16 -6 16 -3.5 -1.4
0 12 -8 20 -8 -6 16 -6 6 -2.25 2.4
0 12 -8 20 -8 -8 8 -14 8 -2.25 2.4
0 12 -8 20 -8 -14 8 -14 14 -3.25 -2.66667
0 12 -8 20 -8 -14 14 -8 14 -3.25 -2.66667
0 12 -8 20 -8 -8 14 -8 8 -2.5 3.66667
0 12 -8 20 -8 -10 10 -12 10 -2.5 3.66667
0 12 -8 20 -8 -12 10 -12 12 -3 -9
0 12 -8 20 -8 -12 12 -10 12 -3 -9
0 12 -8 20 -8 -10 12 -10 10 -2.75 10
0 12 -8 20 -8 6 -8 6 8 -0.75 -0
0 12 -8 20 -8 6 8 20 8 -0.75 -0
0 12 -8 20 -8 20 8 20 -8 1 1
6 12 -8 20 -8 20 -8 6 -8 1 0.571429
0 12 -8 20 -8 8 -6 8 6 -0.5 -0.166667
0 12 -8 20 -8 8 6 18 6 -0.5 -0.166667
0 12 -8 20 -8 18 6 18 -6 0.75 1.16667
0 12 -8 20 -8 18 -6 8 -6 0.75 1.16667
0 12 -8 20 -8 16 -4 16 4 0.5 -0.5
0 12 -8 20 -8 16 4 10 4 0.5 -0.5
0 12 -8 20 -8 10 4 10 -4 -0.25 1.5
0 12 -8 20 -8 10 -4 16 -4 -0.25 1.5
0 14 -6 14 6 -2 -2 -2 -12 -0.25 1.5
0 14 -6 14 6 -2 -12 -12 -12 -0.5 -1.6
0 14 -6 14 6 -12 -12 -12 -2 -0.5 -1.6
0 14 -6 14 6 -12 -2 -2 -2 0.333333 2.6
0 14 -6 14 6 0 0 -14 0 0.5 -1
0 14 -6 14 6 -14 0 -14 -14 0.5 -1
0 14 -6 14 6 -14 -14 0 -14 -0.666667 2
0 14 -6 14 6 0 -14 0 0 -0.666667 2
0 14 -6 14 6 2 2 -16 2 0.666667 -0.666667
0 14 -6 14 6 -16 2 -16 -16 0.666667 -0.666667
0 14 -6 14 6 -16 -16 2 -16 -0.833333 1.66667
0 14 -6 14 6 2 -16 2 2 -0.833333 1.66667
0 14 -6 14 6 -4 4 -18 4 0.833333 -1.28571
0 14 -6 14 6 -18 4 -18 18 0.833333 -1.28571
0 14 -6 14 6 -18 18 -4 18 2 2.28571
0 14 -6 14 6 -4 18 -4 4 2 2.28571
0 14 -6 14 6 -6 6 -16 6 1 -2
0 14 -6 14 6 -16 6 -16 16 1 -2
0 14 -6 14 6 -16 16 -6 16 1.83333 3
0 14 -6 14 6 -6 16 -6 6 1.83333 3
0 14 -6 14 6 -8 8 -14 8 1.16667 -3.66667
0 14 -6 14 6 -14 8 -14 14 1.16667 -3.66667
0 14 -6 14 6 -14 14 -8 14 1.66667 4.66667
0 14 -6 14 6 -8 14 -8 8 1.66667 4.66667
0 14 -6 14 6 -10 10 -12 10 1.33333 -12
0 14 -6 14 6 -12 10 -12 12 1.33333 -12
0 14 -6 14 6 -12 12 -10 12 1.5 13
0 14 -6 14 6 -10 12 -10 10 1.5 13
0 14 -6 14 6 6 -8 6 8 1.5 13
0 14 -6 14 6 6 8 20 8 1.16667 0.571429
0 14 -6 14 6 20 8 20 -8 1.16667 0.571429
0 14 -6 14 6 20 -8 6 -8 -0.166667 0.428571
0 14 -6 14 6 8 -6 8 6 -0.166667 0.428571
0 14 -6 14 6 8 6 18 6 1 0.6
0 14 -6 14 6 18 6 18 -6 1 0.6
2 14 -6 14 6 18 -6 8 -6 0 0.4
0 14 -6 14 6 16 -4 16 4 0 0.4
1 14 -6 14 6 16 4 10 4 0.833333 0.333333
0 14 -6 14 6 10 4 10 -4 0.833333 0.333333
1 14 -6 14 6 10 -4 16 -4 0.166667 0.666667
0 14 6 18 6 -2 -2 -2 -12 -4 -0.8
0 14 6 18 6 -2 -12 -12 -12 -4 -0.8
0 14 6 18 6 -12 -12 -12 -2 -6.5 1.8
0 14 6 18 6 -12 -2 -2 -2 -6.5 1.8
0 14 6 18 6 0 0 -14 0 -6.5 1.8
0 14 6 18 6 -14 0 -14 -14 -7 -0.428571
0 14 6 18 6 -14 -14 0 -14 -7 -0.428571
0 14 6 18 6 0 -14 0 0 -3.5 1.42857
0 14 6 18 6 2 2 -16 2 -3.5 1.42857
0 14 6 18 6 -16 2 -16 -16 -7.5 -0.222222
0 14 6 18 6 -16 -16 2 -16 -7.5 -0.222222
0 14 6 18 6 2 -16 2 2 -3 1.22222
0 14 6 18 6 -4 4 -18 4 -3 1.22222
0 14 6 18 6 -18 4 -18 18 -8 0.142857
0 14 6 18 6 -18 18 -4 18 -8 0.142857
0 14 6 18 6 -4 18 -4 4 -4.5 0.857143
0 14 6 18 6 -6 6 -16 6 -5 -2
0 14 6 18 6 -16 6 -16 16 -7.5 -0
0 14 6 18 6 -16 16 -6 16 -7.5 -0
0 14 6 18 6 -6 16 -6 6 -5 1
0 14 6 18 6 -8 8 -14 8 -5 1
0 14 6 18 6 -14 8 -14 14 -7 -0.333333
0 14 6 18 6 -14 14 -8 14 -7 -0.333333
0 14 6 18 6 -8 14 -8 8 -5.5 1.33333
0 14 6 18 6 -10 10 -12 10 -5.5 1.33333
0 14 6 18 6 -12 10 -12 12 -6.5 -2
0 14 6 18 6 -12 12 -10 12 -6.5 -2
0 14 6 18 6 -10 12 -10 10 -6 3
0 14 6 18 6 6 -8 6 8 -2 0.875
0 14 6 18 6 6 8 20 8 -2 0.875
0 14 6 18 6 20 8 20 -8 1.5 0.125
0 14 6 18 6 20 -8 6 -8 1.5 0.125
0 14 6 18 6 8 -6 8 6 -1.5 1
6 14 6 18 6 8 6 18 6 -1.5 0.6
0 14 6 18 6 18 6 18 -6 1 -0
0 14 6 18 6 18 -6 8 -6 1 -0
0 14 6 18 6 16 -4 16 4 0.5 1.25
0 14 6 18 6 16 4 10 4 0.5 1.25
0 14 6 18 6 10 4 10 -4 -1 -0.25
0 14 6 18 6 10 -4 16 -4 -1 -0.25
0 18 6 18 -6 -2 -2 -2 -12 -1 -0.25
0 18 6 18 -6 -2 -12 -12 -12 1.5 -2
0 18 6 18 -6 -12 -12 -12 -2 1.5 -2
0 18 6 18 -6 -12 -2 -2 -2 0.666667 3
0 18 6 18 -6 0 0 -14 0 0.5 -1.28571
0 18 6 18 -6 -14 0 -14 -14 0.5 -1.28571
0 18 6 18 -6 -14 -14 0 -14 1.66667 2.28571
0 18 6 18 -6 0 -14 0 0 1.66667 2.28571
0 18 6 18 -6 2 2 -16 2 0.333333 -0.888889
0 18 6 18 -6 -16 2 -16 -16 0.333333 -0.888889
0 18 6 18 -6 -16 -16 2 -16 1.83333 1.88889
0 18 6 18 -6 2 -16 2 2 1.83333 1.88889
0 18 6 18 -6 -4 4 -18 4 0.166667 -1.57143
0 18 6 18 -6 -18 4 -18 18 0.166667 -1.57143
0 18 6 18 -6 -18 18 -4 18 -1 2.57143
0 18 6 18 -6 -4 18 -4 4 -1 2.57143
0 18 6 18 -6 -6 6 -16 6 -0 -2.4
0 18 6 18 -6 -16 6 -16 16 -0 -2.4
0 18 6 18 -6 -16 16 -6 16 -0.833333 3.4
0 18 6 18 -6 -6 16 -6 6 -0.833333 3.4
0 18 6 18 -6 -8 8 -14 8 -0.166667 -4.33333
0 18 6 18 -6 -14 8 -14 14 -0.166667 -4.33333
0 18 6 18 -6 -14 14 -8 14 -0.666667 5.33333
0 18 6 18 -6 -8 14 -8 8 -0.666667 5.33333
0 18 6 18 -6 -10 10 -12 10 -0.333333 -14
0 18 6 18 -6 -12 10 -12 12 -0.333333 -14
0 18 6 18 -6 -12 12 -10 12 -0.5 15
0 18 6 18 -6 -10 12 -10 10 -0.5 15
0 18 6 18 -6 6 -8 6 8 -0.5 15
0 18 6 18 -6 6 8 20 8 -0.166667 0.857143
0 18 6 18 -6 20 8 20 -8 -0.166667 0.857143
0 18 6 18 -6 20 -8 6 -8 1.16667 0.142857
0 18 6 18 -6 8 -6 8 6 1.16667 0.142857
0 18 6 18 -6 8 6 18 6 -0 1
8 18 6 18 -6 18 6 18 -6 0 -0
0 18 6 18 -6 18 -6 8 -6 1 0
0 18 6 18 -6 16 -4 16 4 1 0
0 18 6 18 -6 16 4 10 4 0.166667 -0.333333
0 18 6 18 -6 10 4 10 -4 0.166667 -0.333333
0 18 6 18 -6 10 -4 16 -4 0.833333 1.33333
0 18 -6 14 -6 -2 -2 -2 -12 5 0.4
0 18 -6 14 -6 -2 -12 -12 -12 5 0.4
0 18 -6 14 -6 -12 -12 -12 -2 7.5 0.6
0 18 -6 14 -6 -12 -2 -2 -2 7.5 0.6
0 18 -6 14 -6 0 0 -14 0 7.5 0.6
0 18 -6 14 -6 -14 0 -14 -14 8 0.428571
0 18 -6 14 -6 -14 -14 0 -14 8 0.428571
0 18 -6 14 -6 0 -14 0 0 4.5 0.571429
0 18 -6 14 -6 2 2 -16 2 4.5 0.571429
0 18 -6 14 -6 -16 2 -16 -16 8.5 0.444444
0 18 -6 14 -6 -16 -16 2 -16 8.5 0.444444
0 18 -6 14 -6 2 -16 2 2 4 0.555556
0 18 -6 14 -6 -4 4 -18 4 4 0.555556
0 18 -6 14 -6 -18 4 -18 18 9 -0.714286
0 18 -6 14 -6 -18 18 -4 18 9 -0.714286
0 18 -6 14 -6 -4 18 -4 4 5.5 1.71429
0 18 -6 14 -6 -6 6 -16 6 5.5 1.71429
0 18 -6 14 -6 -16 6 -16 16 8.5 -1.2
0 18 -6 14 -6 -16 16 -6 16 8.5 -1.2
0 18 -6 14 -6 -6 16 -6 6 6 2.2
0 18 -6 14 -6 -8 8 -14 8 6 2.2
0 18 -6 14 -6 -14 8 -14 14 8 -2.33333
0 18 -6 14 -6 -14 14 -8 14 8 -2.33333
0 18 -6 14 -6 -8 14 -8 8 6.5 3.33333
0 18 -6 14 -6 -10 10 -12 10 6.5 3.33333
0 18 -6 14 -6 -12 10 -12 12 7.5 -8
0 18 -6 14 -6 -12 12 -10 12 7.5 -8
0 18 -6 14 -6 -10 12 -10 10 7 9
0 18 -6 14 -6 6 -8 6 8 3 0.125
0 18 -6 14 -6 6 8 20 8 3 0.125
0 18 -6 14 -6 20 8 20 -8 -0.5 0.875
0 18 -6 14 -6 20 -8 6 -8 -0.5 0.875
0 18 -6 14 -6 8 -6 8 6 2.5 0
0 18 -6 14 -6 8 6 18 6 2.5 0
0 18 -6 14 -6 18 6 18 -6 0 1
8 18 -6 14 -6 18 -6 8 -6 0 -0
0 18 -6 14 -6 16 -4 16 4 0.5 -0.25
0 18 -6 14 -6 16 4 10 4 0.5 -0.25
0 18 -6 14 -6 10 4 10 -4 2 1.25
0 18 -6 14 -6 10 -4 16 -4 2 1.25


--------------------------------
... 46 non-degenerate and 21 degenerate intersections found
       (7 T-intersections, 5 V-intersections,
        1 X-overlaps, 5 T-overlaps, 3 V-overlaps)
... 52 vertices added to P
... 54 vertices added to Q
PP
-10, -10 1
-2, -10 0
0, -10 0
2, -10 0
10, -10 1
10, -8 0
10, -6 0
10, -4 0
10, 4 0
10, 6 0
10, 8 0
10, 10 1
-4, 10 0
-6, 10 0
-8, 10 0
-10, 10 1
-10, 8 0
-10, 6 0
-10, 4 0
-10, 2 0
-10, 0 0
-10, -2 0
QQ
-2, -2 1
-2, -4 0
-2, -6 0
-2, -8 0
-2, -10 0
-2, -12 1
-12, -12 1
-12, -2 1
-10, -2 0
-8, -2 0
-6, -2 0
-4, -2 0

Labelling intersections...

qm 0 -2 -10
qp 1 -2 -10
ini label -2 -10 1

qm 1 0 -10
qp 0 0 -10
ini label 0 -10 1

qm 1 2 -10
qp 0 2 -10
ini label 2 -10 1

qm 1 10 -8
qp 0 10 -8
ini label 10 -8 1

qm 1 10 -6
qp 0 10 -6
ini label 10 -6 1

qm 3 10 -4
qp 1 10 -4
ini label 10 -4 3

qm 1 10 4
qp 2 10 4
ini label 10 4 6

qm 0 10 6
qp 1 10 6
ini label 10 6 1

qm 0 10 8
qp 1 10 8
ini label 10 8 1

qm 1 -4 10
qp 0 -4 10
ini label -4 10 1

qm 1 -6 10
qp 0 -6 10
ini label -6 10 1

qm 1 -8 10
qp 0 -8 10
ini label -8 10 1

qm 1 -10 10
qp 1 -10 10
ini label -10 10 2

qm 0 -10 8
qp 1 -10 8
ini label -10 8 1

qm 0 -10 6
qp 1 -10 6
ini label -10 6 1

qm 0 -10 4
qp 1 -10 4
ini label -10 4 1

qm 0 -10 2
qp 1 -10 2
ini label -10 2 1

qm 0 -10 0
qp 1 -10 0
ini label -10 0 1

qm 1 -10 -2
qp 0 -10 -2
ini label -10 -2 1

qm 0 -2 -8
qp 1 -2 -8
ini label -2 -8 1

qm 1 0 -8
qp 0 0 -8
ini label 0 -8 1

qm 1 2 -8
qp 0 2 -8
ini label 2 -8 1

qm 3 6 -8
qp 0 6 -8
ini label 6 -8 4

qm 1 8 -8
qp 2 8 -8
ini label 8 -8 6

qm 1 8 -6
qp 3 8 -6
ini label 8 -6 3

qm 2 8 6
qp 1 8 6
ini label 8 6 6

qm 3 8 8
qp 1 8 8
ini label 8 8 3

qm 0 6 8
qp 2 6 8
ini label 6 8 7

qm 1 -4 8
qp 0 -4 8
ini label -4 8 1

qm 1 -6 8
qp 0 -6 8
ini label -6 8 1

qm 1 -8 8
qp 1 -8 8
ini label -8 8 2

qm 0 -8 6
qp 1 -8 6
ini label -8 6 1

qm 0 -8 4
qp 1 -8 4
ini label -8 4 1

qm 0 -8 2
qp 1 -8 2
ini label -8 2 1

qm 0 -8 0
qp 1 -8 0
ini label -8 0 1

qm 1 -8 -2
qp 0 -8 -2
ini label -8 -2 1

qm 1 -6 6
qp 1 -6 6
ini label -6 6 2

qm 0 -6 4
qp 1 -6 4
ini label -6 4 1

qm 0 -6 2
qp 1 -6 2
ini label -6 2 1

qm 0 -6 0
qp 1 -6 0
ini label -6 0 1

qm 1 -6 -2
qp 0 -6 -2
ini label -6 -2 1

qm 0 -2 -6
qp 1 -2 -6
ini label -2 -6 1

qm 1 0 -6
qp 0 0 -6
ini label 0 -6 1

qm 1 2 -6
qp 0 2 -6
ini label 2 -6 1

qm 1 6 -6
qp 3 6 -6
ini label 6 -6 3

qm 2 6 6
qp 1 6 6
ini label 6 6 6

qm 1 -4 6
qp 0 -4 6
ini label -4 6 1

qm 0 2 -4
qp 1 2 -4
ini label 2 -4 1

qm 0 0 -4
qp 1 0 -4
ini label 0 -4 1

qm 1 -2 -4
qp 0 -2 -4
ini label -2 -4 1

qm 0 -4 -2
qp 1 -4 -2
ini label -4 -2 1

qm 1 -4 0
qp 0 -4 0
ini label -4 0 1

qm 1 -4 2
qp 0 -4 2
ini label -4 2 1

qm 0 -4 4
qp 0 -4 4
ini label -4 4 2

qm 3 20 -8
qp 2 20 -8
ini label 20 -8 5

qm 3 20 8
qp 2 20 8
ini label 20 8 5

qm 1 12 8
qp 2 12 8
ini label 12 8 6

qm 1 12 6
qp 0 12 6
ini label 12 6 1

qm 0 12 4
qp 1 12 4
ini label 12 4 1

qm 1 12 -4
qp 0 12 -4
ini label 12 -4 1

qm 0 12 -6
qp 1 12 -6
ini label 12 -6 1

qm 3 12 -8
qp 1 12 -8
ini label 12 -8 3

qm 2 14 -6
qp 0 14 -6
ini label 14 -6 7

qm 0 14 -4
qp 1 14 -4
ini label 14 -4 1

qm 1 14 4
qp 0 14 4
ini label 14 4 1

qm 0 14 6
qp 3 14 6
ini label 14 6 4

qm 2 18 6
qp 3 18 6
ini label 18 6 5

qm 2 18 -6
qp 3 18 -6
ini label 18 -6 5



--------------------------------
... 46 crossing and 4 bouncing intersection vertices
-2 -10 +1
0 -10 +1
2 -10 +1
10 -8 +1
10 -6 +1
10 -4 -3
10 -4 *0
10 4 +9
10 4 +9
10 6 +1
10 8 +1
-4 10 +1
-6 10 +1
-8 10 +1
-10 10 +2
-10 8 +1
-10 6 +1
-10 4 +1
-10 2 +1
-10 0 +1
-10 -2 +1
-2 -8 +1
0 -8 +1
2 -8 +1
6 -8 -4
6 -8 *0
8 -8 +8
8 -8 +8
8 -6 -3
8 -6 *0
8 6 +9
8 6 +9
8 8 -3
8 8 *0
6 8 +8
6 8 +8
-4 8 +1
-6 8 +1
-8 8 +2
-8 6 +1
-8 4 +1
-8 2 +1
-8 0 +1
-8 -2 +1
-6 6 +2
-6 4 +1
-6 2 +1
-6 0 +1
-6 -2 +1
-2 -6 +1
0 -6 +1
2 -6 +1
6 -6 -3
6 -6 *0
6 6 +9
6 6 +9
-4 6 +1
2 -4 +1
0 -4 +1
-2 -4 +1
-4 -2 +1
-4 0 +1
-4 2 +1
-4 4 +2
20 -8 +5
20 8 +5
12 8 +6
12 6 +1
12 4 +1
12 -4 +1
12 -6 +1
12 -8 -3
12 -8 *0
20 -8 *0
20 8 *0
12 8 +9
14 -6 +7
14 -4 +1
14 4 +1
14 6 -4
14 6 *0
18 6 *0
18 -6 *0
14 -6 +9
18 6 +0
18 -6 +0


--------------------------------
... 2 delayed crossings and 5 delayed bouncings
... 0 interior and 0 identical components added to result
-2 -10 &0
0 -10 &1
2 -10 &0
10 -8 &1
10 -6 &0
10 -4 &1
10 4 &0
10 6 &1
10 8 &0
-4 10 &1
-6 10 &0
-8 10 &1
-10 10 &2
-10 8 &0
-10 6 &1
-10 4 &0
-10 2 &1
-10 0 &0
-10 -2 &1
-2 -8 &0
0 -8 &1
2 -8 &0
6 -8 &1
8 -8 &1
8 -6 &0
8 6 &1
8 8 &0
6 8 &0
-4 8 &1
-6 8 &0
-8 8 &2
-8 6 &1
-8 4 &0
-8 2 &1
-8 0 &0
-8 -2 &1
-2 -6 &0
0 -6 &1
2 -6 &0
6 -6 &1
6 6 &0
-4 6 &1
-6 6 &2
-6 4 &0
-6 2 &1
-6 0 &0
-6 -2 &1
2 -4 &1
0 -4 &0
-2 -4 &1
-4 -2 &0
-4 0 &1
-4 2 &0
-4 4 &2
12 6 &0
12 4 &1
12 -4 &0
12 -6 &1
12 -8 &0
20 -8 &2
20 8 &2
12 8 &1
14 -4 &1
14 4 &0
14 6 &1
18 6 &2
18 -6 &2
14 -6 &0
-2 -4 &1
-2 -6 &0
-2 -8 &1
-2 -10 &0
-10 -2 &1
-8 -2 &0
-6 -2 &1
-4 -2 &0
-4 0 &1
-6 0 &0
-8 0 &1
-10 0 &0
0 -10 &1
0 -8 &0
0 -6 &1
0 -4 &0
-4 2 &1
-6 2 &0
-8 2 &1
-10 2 &0
2 -10 &1
2 -8 &0
2 -6 &1
2 -4 &0
-4 10 &1
-4 8 &0
-4 6 &1
-4 4 &2
-6 4 &0
-8 4 &1
-10 4 &0
-6 10 &1
-6 8 &0
-6 6 &2
-8 6 &1
-10 6 &0
-8 10 &1
-8 8 &2
-10 8 &0
6 -6 &1
6 6 &0
6 8 &1
8 8 &1
10 8 &0
12 8 &1
20 8 &2
20 -8 &2
12 -8 &0
10 -8 &1
8 -8 &0
6 -8 &0
10 6 &0
12 6 &1
14 6 &0
18 6 &2
18 -6 &2
14 -6 &1
12 -6 &0
10 -6 &1
8 -6 &0
8 6 &1
14 4 &1
12 4 &0
10 4 &1
10 -4 &0
12 -4 &1
14 -4 &0


--------------------------------
============ 2


--------------------------------
... 0 bouncing vertex pairs split
-------------- 4

Creating result...

Post-processing...

... 4 vertices removed

R has 14 components with 6 + 4 + 4 + 4 + 4 + 4 + 4 + 4 + 4 + 4 + 6 + 4 + 8 + 4 = 64 vertices

(base) lab01@lab01-Precision-7920-Tower:~/Documents/2019-Clipping simple polygons with degenerate intersections/polyclip2$ ./polyclip ../examples2/Fig19-P.poly ../examples2/Fig19-Q.poly Fig19-R.poly 

P has 5 components with 1035 + 25 + 141 + 86 + 35 = 1322 vertices

Q has 1 component with 2602 vertices

Computing intersections...



--------------------------------
... 0 non-degenerate and 10 degenerate intersections found
       (0 T-intersections, 9 V-intersections,
        0 X-overlaps, 1 T-overlaps, 0 V-overlaps)
... 1 vertices added to P
... 0 vertices added to Q

Labelling intersections...



--------------------------------
... 1 crossing and 0 bouncing intersection vertices


--------------------------------
... 1 delayed crossings and 0 delayed bouncings
... 0 interior and 0 identical components added to result


--------------------------------


--------------------------------
... 0 bouncing vertex pairs split

Creating result...

Post-processing...

... 2 vertices removed

R has 1 component with 1240 vertices