2000
30.0,85.0
45.0,-60.0
34.491,41.5
44.97,-60.0
34.482,41.5
44.94,-60.0
34.473,41.5
44.91,-60.0
34.464,41.5
44.879999999999995,-60.0
34.455,41.5
44.849999999999994,-60.0
34.446,41.5
44.81999999999999,-60.0
34.437,41.5
44.78999999999999,-60.0
34.428000000000004,41.5
44.76,-60.0
34.419000000000004,41.5
44.73,-60.0
34.410000000000004,41.5
44.699999999999996,-60.0
34.401,41.5
44.669999999999995,-60.0
34.392,41.5
44.63999999999999,-60.0
34.383,41.5
44.60999999999999,-60.0
34.374,41.5
44.57999999999999,-60.0
34.365,41.5
44.55,-60.0
34.356,41.5
44.519999999999996,-60.0
34.347,41.5
44.489999999999995,-60.0
34.338,41.5
44.459999999999994,-60.0
34.329,41.5
44.42999999999999,-60.0
34.32000000000001,41.5
44.39999999999999,-60.0
34.31100000000001,41.5
44.36999999999999,-60.0
34.30200000000001,41.5
44.33999999999999,-60.0
34.293000000000006,41.5
44.30999999999999,-60.0
34.284000000000006,41.5
44.27999999999999,-60.0
34.275000000000006,41.5
44.249999999999986,-60.0
34.266000000000005,41.5
44.219999999999985,-60.0
34.257000000000005,41.5
44.18999999999999,-60.0
34.248000000000005,41.5
44.15999999999999,-60.0
34.239000000000004,41.5
44.12999999999999,-60.0
34.230000000000004,41.5
44.09999999999999,-60.0
34.221000000000004,41.5
44.069999999999986,-60.0
34.212,41.5
44.039999999999985,-60.0
34.203,41.5
44.009999999999984,-60.0
34.194,41.5
43.97999999999998,-60.0
34.18500000000001,41.5
43.94999999999999,-60.0
34.17600000000001,41.5
43.91999999999999,-60.0
34.16700000000001,41.5
43.889999999999986,-60.0
34.15800000000001,41.5
43.859999999999985,-60.0
34.14900000000001,41.5
43.829999999999984,-60.0
34.14000000000001,41.5
43.79999999999998,-60.0
34.13100000000001,41.5
43.76999999999998,-60.0
34.12200000000001,41.5
43.73999999999998,-60.0
34.11300000000001,41.5
43.70999999999998,-60.0
34.104000000000006,41.5
43.67999999999998,-60.0
34.095000000000006,41.5
43.64999999999998,-60.0
34.086000000000006,41.5
43.619999999999976,-60.0
34.07700000000001,41.5
43.58999999999998,-60.0
34.06800000000001,41.5
43.55999999999998,-60.0
34.05900000000001,41.5
43.52999999999998,-60.0
34.05000000000001,41.5
43.49999999999998,-60.0
34.04100000000001,41.5
43.46999999999998,-60.0
34.03200000000001,41.5
43.439999999999976,-60.0
34.02300000000001,41.5
43.409999999999975,-60.0
34.01400000000001,41.5
43.379999999999974,-60.0
34.00500000000001,41.5
43.34999999999998,-60.0
33.99600000000001,41.5
43.31999999999998,-60.0
33.98700000000001,41.5
43.28999999999998,-60.0
33.97800000000001,41.5
43.25999999999998,-60.0
33.96900000000001,41.5
43.229999999999976,-60.0
33.96000000000001,41.5
43.199999999999974,-60.0
33.951000000000015,41.5
43.16999999999997,-60.0
33.942000000000014,41.5
43.13999999999997,-60.0
33.933000000000014,41.5
43.10999999999997,-60.0
33.924000000000014,41.5
43.07999999999997,-60.0
33.91500000000001,41.5
43.04999999999997,-60.0
33.90600000000001,41.5
43.01999999999997,-60.0
33.89700000000001,41.5
42.989999999999974,-60.0
33.88800000000001,41.5
42.95999999999997,-60.0
33.87900000000001,41.5
42.92999999999997,-60.0
33.87000000000001,41.5
42.89999999999997,-60.0
33.86100000000001,41.5
42.86999999999997,-60.0
33.85200000000001,41.5
42.83999999999997,-60.0
33.84300000000001,41.5
42.80999999999997,-60.0
33.83400000000002,41.5
42.779999999999966,-60.0
33.82500000000002,41.5
42.74999999999997,-60.0
33.81600000000002,41.5
42.71999999999997,-60.0
33.807000000000016,41.5
42.68999999999997,-60.0
33.798000000000016,41.5
42.65999999999997,-60.0
33.789000000000016,41.5
42.62999999999997,-60.0
33.780000000000015,41.5
42.599999999999966,-60.0
33.771000000000015,41.5
42.569999999999965,-60.0
33.762000000000015,41.5
42.539999999999964,-60.0
33.753000000000014,41.5
42.50999999999996,-60.0
33.744000000000014,41.5
42.47999999999996,-60.0
33.735000000000014,41.5
42.44999999999996,-60.0
33.72600000000001,41.5
42.41999999999996,-60.0
33.71700000000001,41.5
42.389999999999965,-60.0
33.70800000000002,41.5
42.359999999999964,-60.0
33.69900000000002,41.5
42.32999999999996,-60.0
33.69000000000002,41.5
42.29999999999996,-60.0
33.68100000000002,41.5
42.26999999999996,-60.0
33.67200000000002,41.5
42.23999999999996,-60.0
33.66300000000002,41.5
42.20999999999996,-60.0
33.65400000000002,41.5
42.17999999999996,-60.0
33.64500000000002,41.5
42.14999999999996,-60.0
33.63600000000002,41.5
42.11999999999996,-60.0
33.62700000000002,41.5
42.08999999999996,-60.0
33.618000000000016,41.5
42.05999999999996,-60.0
33.609000000000016,41.5
42.02999999999996,-60.0
33.60000000000002,41.5
41.99999999999996,-60.0
33.59100000000002,41.5
41.969999999999956,-60.0
33.58200000000002,41.5
41.939999999999955,-60.0
33.57300000000002,41.5
41.909999999999954,-60.0
33.56400000000002,41.5
41.87999999999995,-60.0
33.55500000000002,41.5
41.84999999999995,-60.0
33.54600000000002,41.5
41.81999999999995,-60.0
33.53700000000002,41.5
41.78999999999996,-60.0
33.52800000000002,41.5
41.759999999999955,-60.0
33.51900000000002,41.5
41.729999999999954,-60.0
33.51000000000002,41.5
41.69999999999995,-60.0
33.50100000000002,41.5
41.66999999999995,-60.0
33.49200000000002,41.5
41.63999999999995,-60.0
33.48300000000002,41.5
41.60999999999995,-60.0
33.474000000000025,41.5
41.57999999999995,-60.0
33.465000000000025,41.5
41.549999999999955,-60.0
33.456000000000024,41.5
41.51999999999995,-60.0
33.447000000000024,41.5
41.48999999999995,-60.0
33.438000000000024,41.5
41.45999999999995,-60.0
33.42900000000002,41.5
41.42999999999995,-60.0
33.42000000000002,41.5
41.39999999999995,-60.0
33.41100000000002,41.5
41.36999999999995,-60.0
33.40200000000002,41.5
41.33999999999995,-60.0
33.39300000000002,41.5
41.309999999999945,-60.0
33.38400000000002,41.5
41.279999999999944,-60.0
33.37500000000002,41.5
41.24999999999994,-60.0
33.36600000000002,41.5
41.21999999999994,-60.0
33.35700000000003,41.5
41.18999999999995,-60.0
33.34800000000003,41.5
41.15999999999995,-60.0
33.33900000000003,41.5
41.129999999999946,-60.0
33.33000000000003,41.5
41.099999999999945,-60.0
33.321000000000026,41.5
41.06999999999994,-60.0
33.312000000000026,41.5
41.03999999999994,-60.0
33.303000000000026,41.5
41.00999999999994,-60.0
33.294000000000025,41.5
40.97999999999994,-60.0
33.285000000000025,41.5
40.949999999999946,-60.0
33.276000000000025,41.5
40.919999999999945,-60.0
33.267000000000024,41.5
40.889999999999944,-60.0
33.258000000000024,41.5
40.85999999999994,-60.0
33.249000000000024,41.5
40.82999999999994,-60.0
33.24000000000002,41.5
40.79999999999994,-60.0
33.23100000000003,41.5
40.76999999999994,-60.0
33.22200000000003,41.5
40.73999999999994,-60.0
33.21300000000003,41.5
40.70999999999994,-60.0
33.20400000000003,41.5
40.679999999999936,-60.0
33.19500000000003,41.5
40.649999999999935,-60.0
33.18600000000003,41.5
40.61999999999993,-60.0
33.17700000000003,41.5
40.58999999999994,-60.0
33.16800000000003,41.5
40.55999999999994,-60.0
33.15900000000003,41.5
40.52999999999994,-60.0
33.15000000000003,41.5
40.499999999999936,-60.0
33.14100000000003,41.5
40.469999999999935,-60.0
33.132000000000026,41.5
40.439999999999934,-60.0
33.123000000000026,41.5
40.40999999999993,-60.0
33.11400000000003,41.5
40.37999999999993,-60.0
33.10500000000003,41.5
40.34999999999994,-60.0
33.09600000000003,41.5
40.319999999999936,-60.0
33.08700000000003,41.5
40.289999999999935,-60.0
33.07800000000003,41.5
40.259999999999934,-60.0
33.06900000000003,41.5
40.22999999999993,-60.0
33.06000000000003,41.5
40.19999999999993,-60.0
33.05100000000003,41.5
40.16999999999993,-60.0
33.04200000000003,41.5
40.13999999999993,-60.0
33.03300000000003,41.5
40.10999999999993,-60.0
33.02400000000003,41.5
40.07999999999993,-60.0
33.01500000000003,41.5
40.049999999999926,-60.0
33.00600000000003,41.5
40.019999999999925,-60.0
32.99700000000003,41.5
39.98999999999993,-60.0
32.988000000000035,41.5
39.95999999999993,-60.0
32.979000000000035,41.5
39.92999999999993,-60.0
32.970000000000034,41.5
39.89999999999993,-60.0
32.961000000000034,41.5
39.869999999999926,-60.0
32.952000000000034,41.5
39.839999999999925,-60.0
32.94300000000003,41.5
39.809999999999924,-60.0
32.93400000000003,41.5
39.77999999999992,-60.0
32.92500000000003,41.5
39.74999999999993,-60.0
32.91600000000003,41.5
39.71999999999993,-60.0
32.90700000000003,41.5
39.68999999999993,-60.0
32.89800000000003,41.5
39.659999999999926,-60.0
32.88900000000003,41.5
39.629999999999924,-60.0
32.88000000000004,41.5
39.59999999999992,-60.0
32.87100000000004,41.5
39.56999999999992,-60.0
32.86200000000004,41.5
39.53999999999992,-60.0
32.85300000000004,41.5
39.50999999999992,-60.0
32.84400000000004,41.5
39.47999999999992,-60.0
32.835000000000036,41.5
39.44999999999992,-60.0
32.826000000000036,41.5
39.419999999999916,-60.0
32.817000000000036,41.5
39.38999999999992,-60.0
32.808000000000035,41.5
39.35999999999992,-60.0
32.799000000000035,41.5
39.32999999999992,-60.0
32.790000000000035,41.5
39.29999999999992,-60.0
32.781000000000034,41.5
39.26999999999992,-60.0
32.772000000000034,41.5
39.23999999999992,-60.0
32.763000000000034,41.5
39.209999999999916,-60.0
32.75400000000004,41.5
39.179999999999914,-60.0
32.74500000000004,41.5
39.14999999999992,-60.0
32.73600000000004,41.5
39.11999999999992,-60.0
32.72700000000004,41.5
39.08999999999992,-60.0
32.71800000000004,41.5
39.05999999999992,-60.0
32.70900000000004,41.5
39.029999999999916,-60.0
32.70000000000004,41.5
38.999999999999915,-60.0
32.69100000000004,41.5
38.969999999999914,-60.0
32.68200000000004,41.5
38.93999999999991,-60.0
32.67300000000004,41.5
38.90999999999991,-60.0
32.66400000000004,41.5
38.87999999999991,-60.0
32.65500000000004,41.5
38.84999999999991,-60.0
32.646000000000036,41.5
38.81999999999991,-60.0
32.63700000000004,41.5
38.789999999999914,-60.0
32.62800000000004,41.5
38.75999999999991,-60.0
32.61900000000004,41.5
38.72999999999991,-60.0
32.61000000000004,41.5
38.69999999999991,-60.0
32.60100000000004,41.5
38.66999999999991,-60.0
32.59200000000004,41.5
38.63999999999991,-60.0
32.58300000000004,41.5
38.60999999999991,-60.0
32.57400000000004,41.5
38.579999999999906,-60.0
32.56500000000004,41.5
38.54999999999991,-60.0
32.55600000000004,41.5
38.51999999999991,-60.0
32.54700000000004,41.5
38.48999999999991,-60.0
32.53800000000004,41.5
38.45999999999991,-60.0
32.52900000000004,41.5
38.42999999999991,-60.0
32.52000000000004,41.5
38.399999999999906,-60.0
32.511000000000045,41.5
38.369999999999905,-60.0
32.502000000000045,41.5
38.339999999999904,-60.0
32.493000000000045,41.5
38.3099999999999,-60.0
32.484000000000044,41.5
38.2799999999999,-60.0
32.475000000000044,41.5
38.2499999999999,-60.0
32.466000000000044,41.5
38.2199999999999,-60.0
32.45700000000004,41.5
38.189999999999905,-60.0
32.44800000000004,41.5
38.159999999999904,-60.0
32.43900000000004,41.5
38.1299999999999,-60.0
32.43000000000004,41.5
38.0999999999999,-60.0
32.42100000000004,41.5
38.0699999999999,-60.0
32.41200000000004,41.5
38.0399999999999,-60.0
32.40300000000004,41.5
38.0099999999999,-60.0
32.39400000000005,41.5
37.9799999999999,-60.0
32.38500000000005,41.5
37.9499999999999,-60.0
32.37600000000005,41.5
37.9199999999999,-60.0
32.36700000000005,41.5
37.8899999999999,-60.0
32.35800000000005,41.5
37.8599999999999,-60.0
32.349000000000046,41.5
37.8299999999999,-60.0
32.340000000000046,41.5
37.7999999999999,-60.0
32.331000000000046,41.5
37.7699999999999,-60.0
32.322000000000045,41.5
37.739999999999895,-60.0
32.313000000000045,41.5
37.709999999999894,-60.0
32.304000000000045,41.5
37.67999999999989,-60.0
32.295000000000044,41.5
37.64999999999989,-60.0
32.286000000000044,41.5
37.61999999999989,-60.0
32.277000000000044,41.5
37.5899999999999,-60.0
32.26800000000004,41.5
37.559999999999896,-60.0
32.25900000000004,41.5
37.529999999999895,-60.0
32.25000000000004,41.5
37.49999999999989,-60.0
32.24100000000004,41.5
37.46999999999989,-60.0
32.23200000000004,41.5
37.43999999999989,-60.0
32.22300000000004,41.5
37.40999999999989,-60.0
32.21400000000004,41.5
37.37999999999989,-60.0
32.20500000000004,41.5
37.349999999999895,-60.0
32.19600000000004,41.5
37.319999999999894,-60.0
32.18700000000004,41.5
37.28999999999989,-60.0
32.17800000000004,41.5
37.25999999999989,-60.0
32.16900000000004,41.5
37.22999999999989,-60.0
32.16000000000004,41.5
37.19999999999989,-60.0
32.15100000000004,41.5
37.16999999999989,-60.0
32.142000000000046,41.5
37.13999999999989,-60.0
32.133000000000045,41.5
37.109999999999886,-60.0
32.124000000000045,41.5
37.079999999999885,-60.0
32.115000000000045,41.5
37.04999999999988,-60.0
32.106000000000044,41.5
37.01999999999989,-60.0
32.097000000000044,41.5
36.98999999999989,-60.0
32.088000000000044,41.5
36.95999999999989,-60.0
32.07900000000004,41.5
36.929999999999886,-60.0
32.07000000000004,41.5
36.899999999999885,-60.0
32.06100000000004,41.5
36.869999999999884,-60.0
32.05200000000004,41.5
36.83999999999988,-60.0
32.04300000000004,41.5
36.80999999999988,-60.0
32.03400000000004,41.5
36.77999999999988,-60.0
32.02500000000004,41.5
36.749999999999886,-60.0
32.01600000000004,41.5
36.719999999999885,-60.0
32.00700000000004,41.5
36.689999999999884,-60.0
31.99800000000004,41.5
36.65999999999988,-60.0
31.98900000000004,41.5
36.62999999999988,-60.0
31.98000000000004,41.5
36.59999999999988,-60.0
31.97100000000004,41.5
36.56999999999988,-60.0
31.962000000000042,41.5
36.53999999999988,-60.0
31.953000000000042,41.5
36.50999999999988,-60.0
31.94400000000004,41.5
36.479999999999876,-60.0
31.93500000000004,41.5
36.449999999999875,-60.0
31.92600000000004,41.5
36.41999999999988,-60.0
31.91700000000004,41.5
36.38999999999988,-60.0
31.90800000000004,41.5
36.35999999999988,-60.0
31.89900000000004,41.5
36.32999999999988,-60.0
31.89000000000004,41.5
36.299999999999876,-60.0
31.88100000000004,41.5
36.269999999999875,-60.0
31.87200000000004,41.5
36.239999999999874,-60.0
31.86300000000004,41.5
36.20999999999987,-60.0
31.854000000000042,41.5
36.17999999999987,-60.0
31.84500000000004,41.5
36.14999999999988,-60.0
31.83600000000004,41.5
36.11999999999988,-60.0
31.82700000000004,41.5
36.089999999999876,-60.0
31.81800000000004,41.5
36.059999999999874,-60.0
31.80900000000004,41.5
36.02999999999987,-60.0
31.80000000000004,41.5
35.99999999999987,-60.0
31.79100000000004,41.5
35.96999999999987,-60.0
31.78200000000004,41.5
35.93999999999987,-60.0
31.77300000000004,41.5
35.90999999999987,-60.0
31.76400000000004,41.5
35.87999999999987,-60.0
31.755000000000038,41.5
35.849999999999866,-60.0
31.746000000000038,41.5
35.81999999999987,-60.0
31.737000000000037,41.5
35.78999999999987,-60.0
31.72800000000004,41.5
35.75999999999987,-60.0
31.71900000000004,41.5
35.72999999999987,-60.0
31.71000000000004,41.5
35.69999999999987,-60.0
31.70100000000004,41.5
35.66999999999987,-60.0
31.69200000000004,41.5
35.639999999999866,-60.0
31.68300000000004,41.5
35.609999999999864,-60.0
31.67400000000004,41.5
35.57999999999986,-60.0
31.66500000000004,41.5
35.54999999999987,-60.0
31.656000000000038,41.5
35.51999999999987,-60.0
31.647000000000038,41.5
35.48999999999987,-60.0
31.638000000000037,41.5
35.459999999999866,-60.0
31.629000000000037,41.5
35.429999999999865,-60.0
31.620000000000037,41.5
35.399999999999864,-60.0
31.61100000000004,41.5
35.36999999999986,-60.0
31.60200000000004,41.5
35.33999999999986,-60.0
31.59300000000004,41.5
35.30999999999986,-60.0
31.58400000000004,41.5
35.27999999999986,-60.0
31.57500000000004,41.5
35.24999999999986,-60.0
31.566000000000038,41.5
35.219999999999864,-60.0
31.557000000000038,41.5
35.18999999999986,-60.0
31.548000000000037,41.5
35.15999999999986,-60.0
31.539000000000037,41.5
35.12999999999986,-60.0
31.530000000000037,41.5
35.09999999999986,-60.0
31.521000000000036,41.5
35.06999999999986,-60.0
31.512000000000036,41.5
35.03999999999986,-60.0
31.503000000000036,41.5
35.009999999999856,-60.0
31.494000000000035,41.5
34.979999999999855,-60.0
31.48500000000004,41.5
34.94999999999986,-60.0
31.476000000000038,41.5
34.91999999999986,-60.0
31.467000000000038,41.5
34.88999999999986,-60.0
31.458000000000037,41.5
34.85999999999986,-60.0
31.449000000000037,41.5
34.829999999999856,-60.0
31.440000000000037,41.5
34.799999999999855,-60.0
31.431000000000036,41.5
34.769999999999854,-60.0
31.422000000000036,41.5
34.73999999999985,-60.0
31.413000000000036,41.5
34.70999999999986,-60.0
31.404000000000035,41.5
34.67999999999986,-60.0
31.395000000000035,41.5
34.64999999999986,-60.0
31.386000000000035,41.5
34.619999999999855,-60.0
31.377000000000038,41.5
34.589999999999854,-60.0
31.368000000000038,41.5
34.55999999999986,-60.0
31.359000000000037,41.5
34.52999999999986,-60.0
31.350000000000037,41.5
34.49999999999986,-60.0
31.341000000000037,41.5
34.46999999999986,-60.0
31.332000000000036,41.5
34.439999999999856,-60.0
31.323000000000036,41.5
34.409999999999854,-60.0
31.314000000000036,41.5
34.37999999999985,-60.0
31.305000000000035,41.5
34.34999999999986,-60.0
31.296000000000035,41.5
34.31999999999986,-60.0
31.287000000000035,41.5
34.28999999999986,-60.0
31.278000000000034,41.5
34.259999999999856,-60.0
31.269000000000034,41.5
34.229999999999855,-60.0
31.260000000000034,41.5
34.19999999999986,-60.0
31.251000000000037,41.5
34.16999999999986,-60.0
31.242000000000036,41.5
34.13999999999986,-60.0
31.233000000000036,41.5
34.10999999999986,-60.0
31.224000000000036,41.5
34.079999999999856,-60.0
31.215000000000035,41.5
34.049999999999855,-60.0
31.206000000000035,41.5
34.01999999999986,-60.0
31.197000000000035,41.5
33.98999999999986,-60.0
31.188000000000034,41.5
33.95999999999986,-60.0
31.179000000000034,41.5
33.92999999999986,-60.0
31.170000000000034,41.5
33.89999999999986,-60.0
31.161000000000037,41.5
33.86999999999986,-60.0
31.152000000000037,41.5
33.83999999999986,-60.0
31.143000000000036,41.5
33.80999999999986,-60.0
31.134000000000036,41.5
33.77999999999986,-60.0
31.125000000000036,41.5
33.74999999999986,-60.0
31.116000000000035,41.5
33.71999999999986,-60.0
31.107000000000035,41.5
33.689999999999856,-60.0
31.098000000000035,41.5
33.65999999999986,-60.0
31.089000000000034,41.5
33.62999999999986,-60.0
31.080000000000034,41.5
33.59999999999986,-60.0
31.071000000000037,41.5
33.56999999999986,-60.0
31.062000000000037,41.5
33.53999999999986,-60.0
31.053000000000036,41.5
33.50999999999986,-60.0
31.044000000000036,41.5
33.47999999999986,-60.0
31.035000000000036,41.5
33.44999999999986,-60.0
31.026000000000035,41.5
33.41999999999986,-60.0
31.017000000000035,41.5
33.38999999999986,-60.0
31.008000000000035,41.5
33.35999999999986,-60.0
30.999000000000038,41.5
33.32999999999986,-60.0
30.990000000000038,41.5
33.29999999999986,-60.0
30.981000000000037,41.5
33.26999999999986,-60.0
30.972000000000037,41.5
33.23999999999986,-60.0
30.963000000000036,41.5
33.20999999999986,-60.0
30.954000000000036,41.5
33.179999999999865,-60.0
30.945000000000036,41.5
33.149999999999864,-60.0
30.936000000000035,41.5
33.11999999999986,-60.0
30.927000000000035,41.5
33.08999999999986,-60.0
30.918000000000035,41.5
33.05999999999986,-60.0
30.909000000000038,41.5
33.02999999999986,-60.0
30.900000000000038,41.5
32.999999999999865,-60.0
30.891000000000037,41.5
32.969999999999864,-60.0
30.882000000000037,41.5
32.93999999999986,-60.0
30.873000000000037,41.5
32.90999999999986,-60.0
30.864000000000036,41.5
32.87999999999986,-60.0
30.855000000000036,41.5
32.84999999999986,-60.0
30.846000000000036,41.5
32.819999999999865,-60.0
30.83700000000004,41.5
32.789999999999864,-60.0
30.82800000000004,41.5
32.75999999999986,-60.0
30.819000000000038,41.5
32.72999999999986,-60.0
30.810000000000038,41.5
32.69999999999986,-60.0
30.801000000000037,41.5
32.66999999999986,-60.0
30.792000000000037,41.5
32.639999999999866,-60.0
30.783000000000037,41.5
32.609999999999864,-60.0
30.774000000000036,41.5
32.57999999999986,-60.0
30.765000000000036,41.5
32.54999999999986,-60.0
30.75600000000004,41.5
32.51999999999986,-60.0
30.74700000000004,41.5
32.48999999999987,-60.0
30.73800000000004,41.5
32.459999999999866,-60.0
30.72900000000004,41.5
32.429999999999865,-60.0
30.720000000000038,41.5
32.399999999999864,-60.0
30.711000000000038,41.5
32.36999999999986,-60.0
30.702000000000037,41.5
32.33999999999986,-60.0
30.693000000000037,41.5
32.30999999999987,-60.0
30.684000000000037,41.5
32.279999999999866,-60.0
30.67500000000004,41.5
32.249999999999865,-60.0
30.66600000000004,41.5
32.219999999999864,-60.0
30.65700000000004,41.5
32.18999999999986,-60.0
30.64800000000004,41.5
32.15999999999986,-60.0
30.63900000000004,41.5
32.12999999999987,-60.0
30.630000000000038,41.5
32.099999999999866,-60.0
30.621000000000038,41.5
32.069999999999865,-60.0
30.612000000000037,41.5
32.039999999999864,-60.0
30.603000000000037,41.5
32.00999999999986,-60.0
30.59400000000004,41.5
31.979999999999865,-60.0
30.58500000000004,41.5
31.949999999999864,-60.0
30.57600000000004,41.5
31.919999999999867,-60.0
30.56700000000004,41.5
31.889999999999866,-60.0
30.55800000000004,41.5
31.859999999999864,-60.0
30.54900000000004,41.5
31.829999999999867,-60.0
30.54000000000004,41.5
31.799999999999866,-60.0
30.531000000000038,41.5
31.769999999999868,-60.0
30.522000000000038,41.5
31.739999999999867,-60.0
30.513000000000037,41.5
31.709999999999866,-60.0
30.50400000000004,41.5
31.67999999999987,-60.0
30.49500000000004,41.5
31.649999999999867,-60.0
30.48600000000004,41.5
31.619999999999866,-60.0
30.47700000000004,41.5
31.58999999999987,-60.0
30.46800000000004,41.5
31.559999999999867,-60.0
30.45900000000004,41.5
31.529999999999866,-60.0
30.45000000000004,41.5
31.49999999999987,-60.0
30.441000000000038,41.5
31.469999999999867,-60.0
30.432000000000038,41.5
31.439999999999866,-60.0
30.423000000000037,41.5
31.40999999999987,-60.0
30.414000000000037,41.5
31.379999999999868,-60.0
30.40500000000004,41.5
31.349999999999866,-60.0
30.39600000000004,41.5
31.31999999999987,-60.0
30.38700000000004,41.5
31.289999999999868,-60.0
30.37800000000004,41.5
31.259999999999867,-60.0
30.36900000000004,41.5
31.22999999999987,-60.0
30.36000000000004,41.5
31.199999999999868,-60.0
30.351000000000038,41.5
31.169999999999867,-60.0
30.342000000000038,41.5
31.13999999999987,-60.0
30.333000000000037,41.5
31.109999999999868,-60.0
30.324000000000037,41.5
31.079999999999867,-60.0
30.315000000000037,41.5
31.04999999999987,-60.0
30.30600000000004,41.5
31.019999999999868,-60.0
30.29700000000004,41.5
30.989999999999867,-60.0
30.28800000000004,41.5
30.95999999999987,-60.0
30.27900000000004,41.5
30.92999999999987,-60.0
30.27000000000004,41.5
30.899999999999867,-60.0
30.26100000000004,41.5
30.86999999999987,-60.0
30.252000000000038,41.5
30.83999999999987,-60.0
30.243000000000038,41.5
30.809999999999867,-60.0
30.234000000000037,41.5
30.779999999999866,-60.0
30.225000000000037,41.5
30.74999999999987,-60.0
30.216000000000037,41.5
30.719999999999867,-60.0
30.20700000000004,41.5
30.689999999999866,-60.0
30.19800000000004,41.5
30.65999999999987,-60.0
30.18900000000004,41.5
30.629999999999868,-60.0
30.18000000000004,41.5
30.599999999999866,-60.0
30.17100000000004,41.5
30.56999999999987,-60.0
30.162000000000038,41.5
30.539999999999868,-60.0
30.153000000000038,41.5
30.509999999999867,-60.0
30.144000000000037,41.5
30.47999999999987,-60.0
30.135000000000037,41.5
30.449999999999868,-60.0
30.126000000000037,41.5
30.419999999999867,-60.0
30.11700000000004,41.5
30.38999999999987,-60.0
30.10800000000004,41.5
30.359999999999868,-60.0
30.09900000000004,41.5
30.329999999999867,-60.0
30.09000000000004,41.5
30.29999999999987,-60.0
30.08100000000004,41.5
30.269999999999868,-60.0
30.07200000000004,41.5
30.239999999999867,-60.0
30.063000000000038,41.5
30.209999999999866,-60.0
30.054000000000038,41.5
30.17999999999987,-60.0
30.045000000000037,41.5
30.149999999999867,-60.0
30.036000000000037,41.5
30.119999999999866,-60.0
30.027000000000037,41.5
30.08999999999987,-60.0
30.01800000000004,41.5
30.059999999999867,-60.0
30.00900000000004,41.5
30.029999999999866,-60.0
30.00000000000004,41.5
29.99999999999987,-60.0
29.99100000000004,41.5
29.969999999999867,-60.0
29.98200000000004,41.5
29.939999999999866,-60.0
29.973000000000038,41.5
29.90999999999987,-60.0
29.964000000000038,41.5
29.879999999999868,-60.0
29.955000000000037,41.5
29.849999999999866,-60.0
29.946000000000037,41.5
29.81999999999987,-60.0
29.937000000000037,41.5
29.789999999999868,-60.0
29.92800000000004,41.5
29.759999999999867,-60.0
29.91900000000004,41.5
29.72999999999987,-60.0
29.91000000000004,41.5
29.699999999999868,-60.0
29.90100000000004,41.5
29.669999999999867,-60.0
29.89200000000004,41.5
29.63999999999987,-60.0
29.883000000000038,41.5
29.609999999999868,-60.0
29.874000000000038,41.5
29.579999999999867,-60.0
29.865000000000038,41.5
29.549999999999866,-60.0
29.856000000000037,41.5
29.519999999999868,-60.0
29.847000000000037,41.5
29.489999999999867,-60.0
29.838000000000036,41.5
29.459999999999866,-60.0
29.82900000000004,41.5
29.42999999999987,-60.0
29.82000000000004,41.5
29.399999999999867,-60.0
29.81100000000004,41.5
29.369999999999866,-60.0
29.80200000000004,41.5
29.33999999999987,-60.0
29.79300000000004,41.5
29.309999999999867,-60.0
29.784000000000038,41.5
29.279999999999866,-60.0
29.775000000000038,41.5
29.24999999999987,-60.0
29.766000000000037,41.5
29.219999999999867,-60.0
29.757000000000037,41.5
29.189999999999866,-60.0
29.748000000000037,41.5
29.15999999999987,-60.0
29.73900000000004,41.5
29.129999999999868,-60.0
29.73000000000004,41.5
29.099999999999866,-60.0
29.72100000000004,41.5
29.069999999999865,-60.0
29.71200000000004,41.5
29.039999999999868,-60.0
29.70300000000004,41.5
29.009999999999867,-60.0
29.694000000000038,41.5
28.979999999999865,-60.0
29.685000000000038,41.5
28.949999999999868,-60.0
29.676000000000037,41.5
28.919999999999867,-60.0
29.667000000000037,41.5
28.889999999999866,-60.0
29.658000000000037,41.5
28.859999999999868,-60.0
29.649000000000036,41.5
28.829999999999867,-60.0
29.64000000000004,41.5
28.799999999999866,-60.0
29.63100000000004,41.5
28.769999999999868,-60.0
29.62200000000004,41.5
28.739999999999867,-60.0
29.61300000000004,41.5
28.709999999999866,-60.0
29.60400000000004,41.5
28.67999999999987,-60.0
29.595000000000038,41.5
28.649999999999867,-60.0
29.586000000000038,41.5
28.619999999999866,-60.0
29.577000000000037,41.5
28.58999999999987,-60.0
29.568000000000037,41.5
28.559999999999867,-60.0
29.559000000000037,41.5
28.529999999999866,-60.0
29.550000000000036,41.5
28.49999999999987,-60.0
29.54100000000004,41.5
28.469999999999867,-60.0
29.53200000000004,41.5
28.43999999999987,-60.0
29.52300000000004,41.5
28.40999999999987,-60.0
29.51400000000004,41.5
28.379999999999868,-60.0
29.505000000000038,41.5
28.34999999999987,-60.0
29.496000000000038,41.5
28.31999999999987,-60.0
29.487000000000037,41.5
28.289999999999868,-60.0
29.478000000000037,41.5
28.25999999999987,-60.0
29.469000000000037,41.5
28.22999999999987,-60.0
29.460000000000036,41.5
28.199999999999868,-60.0
29.45100000000004,41.5
28.16999999999987,-60.0
29.44200000000004,41.5
28.13999999999987,-60.0
29.43300000000004,41.5
28.109999999999868,-60.0
29.42400000000004,41.5
28.07999999999987,-60.0
29.41500000000004,41.5
28.04999999999987,-60.0
29.406000000000038,41.5
28.019999999999868,-60.0
29.397000000000038,41.5
27.98999999999987,-60.0
29.388000000000037,41.5
27.95999999999987,-60.0
29.379000000000037,41.5
27.929999999999872,-60.0
29.370000000000037,41.5
27.89999999999987,-60.0
29.36100000000004,41.5
27.86999999999987,-60.0
29.35200000000004,41.5
27.83999999999987,-60.0
29.34300000000004,41.5
27.80999999999987,-60.0
29.33400000000004,41.5
27.77999999999987,-60.0
29.32500000000004,41.5
27.749999999999872,-60.0
29.316000000000038,41.5
27.71999999999987,-60.0
29.307000000000038,41.5
27.68999999999987,-60.0
29.298000000000037,41.5
27.659999999999872,-60.0
29.289000000000037,41.5
27.62999999999987,-60.0
29.28000000000004,41.5
27.59999999999987,-60.0
29.27100000000004,41.5
27.569999999999872,-60.0
29.26200000000004,41.5
27.53999999999987,-60.0
29.25300000000004,41.5
27.50999999999987,-60.0
29.24400000000004,41.5
27.479999999999873,-60.0
29.23500000000004,41.5
27.44999999999987,-60.0
29.226000000000038,41.5
27.41999999999987,-60.0
29.217000000000038,41.5
27.389999999999873,-60.0
29.208000000000037,41.5
27.35999999999987,-60.0
29.19900000000004,41.5
27.32999999999987,-60.0
29.19000000000004,41.5
27.299999999999873,-60.0
29.18100000000004,41.5
27.26999999999987,-60.0
29.17200000000004,41.5
27.239999999999874,-60.0
29.16300000000004,41.5
27.209999999999873,-60.0
29.15400000000004,41.5
27.179999999999872,-60.0
29.14500000000004,41.5
27.149999999999874,-60.0
29.13600000000004,41.5
27.119999999999873,-60.0
29.127000000000038,41.5
27.089999999999872,-60.0
29.11800000000004,41.5
27.059999999999874,-60.0
29.10900000000004,41.5
27.029999999999873,-60.0
29.10000000000004,41.5
26.999999999999872,-60.0
29.09100000000004,41.5
26.969999999999875,-60.0
29.08200000000004,41.5
26.939999999999873,-60.0
29.07300000000004,41.5
26.909999999999872,-60.0
29.06400000000004,41.5
26.879999999999875,-60.0
29.05500000000004,41.5
26.849999999999874,-60.0
29.046000000000042,41.5
26.819999999999872,-60.0
29.03700000000004,41.5
26.789999999999875,-60.0
29.02800000000004,41.5
26.759999999999874,-60.0
29.01900000000004,41.5
26.729999999999876,-60.0
29.01000000000004,41.5
26.699999999999875,-60.0
29.00100000000004,41.5
26.669999999999874,-60.0
28.99200000000004,41.5
26.639999999999873,-60.0
28.98300000000004,41.5
26.609999999999875,-60.0
28.97400000000004,41.5
26.579999999999874,-60.0
28.96500000000004,41.5
26.549999999999876,-60.0
28.956000000000042,41.5
26.519999999999875,-60.0
28.947000000000042,41.5
26.489999999999874,-60.0
28.93800000000004,41.5
26.459999999999877,-60.0
28.92900000000004,41.5
26.429999999999875,-60.0
28.92000000000004,41.5
26.399999999999874,-60.0
28.91100000000004,41.5
26.369999999999877,-60.0
28.90200000000004,41.5
26.339999999999876,-60.0
28.89300000000004,41.5
26.309999999999874,-60.0
28.884000000000043,41.5
26.279999999999877,-60.0
28.875000000000043,41.5
26.249999999999876,-60.0
28.866000000000042,41.5
26.219999999999878,-60.0
28.857000000000042,41.5
26.189999999999877,-60.0
28.84800000000004,41.5
26.159999999999876,-60.0
28.83900000000004,41.5
26.129999999999875,-60.0
28.83000000000004,41.5
26.099999999999877,-60.0
28.82100000000004,41.5
26.069999999999876,-60.0
28.81200000000004,41.5
26.03999999999988,-60.0
28.803000000000043,41.5
26.009999999999877,-60.0
28.794000000000043,41.5
25.979999999999876,-60.0
28.785000000000043,41.5
25.949999999999875,-60.0
28.776000000000042,41.5
25.919999999999877,-60.0
28.767000000000042,41.5
25.889999999999876,-60.0
28.75800000000004,41.5
25.85999999999988,-60.0
28.74900000000004,41.5
25.829999999999878,-60.0
28.74000000000004,41.5
25.799999999999876,-60.0
28.73100000000004,41.5
25.76999999999988,-60.0
28.72200000000004,41.5
25.739999999999878,-60.0
28.71300000000004,41.5
25.70999999999988,-60.0
28.70400000000004,41.5
25.67999999999988,-60.0
28.69500000000004,41.5
25.649999999999878,-60.0
28.686000000000043,41.5
25.619999999999877,-60.0
28.677000000000042,41.5
25.58999999999988,-60.0
28.668000000000042,41.5
25.559999999999878,-60.0
28.65900000000004,41.5
25.52999999999988,-60.0
28.65000000000004,41.5
25.49999999999988,-60.0
28.64100000000004,41.5
25.469999999999878,-60.0
28.63200000000004,41.5
25.439999999999877,-60.0
28.62300000000004,41.5
25.40999999999988,-60.0
28.61400000000004,41.5
25.379999999999878,-60.0
28.60500000000004,41.5
25.34999999999988,-60.0
28.59600000000004,41.5
25.31999999999988,-60.0
28.58700000000004,41.5
25.28999999999988,-60.0
28.57800000000004,41.5
25.25999999999988,-60.0
28.569000000000038,41.5
25.22999999999988,-60.0
28.56000000000004,41.5
25.19999999999988,-60.0
28.55100000000004,41.5
25.16999999999988,-60.0
28.54200000000004,41.5
25.13999999999988,-60.0
28.53300000000004,41.5
25.10999999999988,-60.0
28.52400000000004,41.5
25.079999999999878,-60.0
28.51500000000004,41.5
25.049999999999876,-60.0
28.50600000000004,41.5
25.019999999999875,-60.0
28.49700000000004,41.5
24.989999999999878,-60.0
28.48800000000004,41.5
24.959999999999877,-60.0
28.47900000000004,41.5
24.929999999999875,-60.0
28.470000000000038,41.5
24.899999999999874,-60.0
28.461000000000038,41.5
24.869999999999877,-60.0
28.452000000000037,41.5
24.839999999999876,-60.0
28.44300000000004,41.5
24.809999999999874,-60.0
28.43400000000004,41.5
24.779999999999873,-60.0
28.42500000000004,41.5
24.749999999999872,-60.0
28.41600000000004,41.5
24.71999999999987,-60.0
28.40700000000004,41.5
24.689999999999873,-60.0
28.39800000000004,41.5
24.659999999999872,-60.0
28.38900000000004,41.5
24.62999999999987,-60.0
28.380000000000038,41.5
24.59999999999987,-60.0
28.371000000000038,41.5
24.569999999999872,-60.0
28.362000000000037,41.5
24.53999999999987,-60.0
28.353000000000037,41.5
24.50999999999987,-60.0
28.344000000000037,41.5
24.47999999999987,-60.0
28.335000000000036,41.5
24.449999999999868,-60.0
28.326000000000036,41.5
24.419999999999867,-60.0
28.31700000000004,41.5
24.38999999999987,-60.0
28.30800000000004,41.5
24.359999999999868,-60.0
28.29900000000004,41.5
24.329999999999867,-60.0
28.29000000000004,41.5
24.299999999999866,-60.0
28.281000000000038,41.5
24.269999999999868,-60.0
28.272000000000038,41.5
24.239999999999867,-60.0
28.263000000000037,41.5
24.209999999999866,-60.0
28.254000000000037,41.5
24.179999999999865,-60.0
28.245000000000037,41.5
24.149999999999864,-60.0
28.236000000000036,41.5
24.119999999999862,-60.0
28.227000000000036,41.5
24.089999999999865,-60.0
28.218000000000035,41.5
24.059999999999864,-60.0
28.20900000000004,41.5
24.029999999999863,-60.0
28.20000000000004,41.5
23.99999999999986,-60.0
28.191000000000038,41.5
23.969999999999864,-60.0
28.182000000000038,41.5
23.939999999999863,-60.0
28.173000000000037,41.5
23.90999999999986,-60.0
28.164000000000037,41.5
23.87999999999986,-60.0
28.155000000000037,41.5
23.84999999999986,-60.0
28.146000000000036,41.5
23.819999999999858,-60.0
28.137000000000036,41.5
23.78999999999986,-60.0
28.128000000000036,41.5
23.75999999999986,-60.0
28.119000000000035,41.5
23.72999999999986,-60.0
28.110000000000035,41.5
23.699999999999857,-60.0
28.101000000000035,41.5
23.66999999999986,-60.0
28.092000000000034,41.5
23.63999999999986,-60.0
28.083000000000037,41.5
23.609999999999857,-60.0
28.074000000000037,41.5
23.579999999999856,-60.0
28.065000000000037,41.5
23.549999999999855,-60.0
28.056000000000036,41.5
23.519999999999854,-60.0
28.047000000000036,41.5
23.489999999999856,-60.0
28.038000000000036,41.5
23.459999999999855,-60.0
28.029000000000035,41.5
23.429999999999854,-60.0
28.020000000000035,41.5
23.399999999999853,-60.0
28.011000000000035,41.5
23.369999999999855,-60.0
28.002000000000034,41.5
23.339999999999854,-60.0
27.993000000000034,41.5
23.309999999999853,-60.0
27.984000000000034,41.5
23.279999999999852,-60.0
27.975000000000037,41.5
23.24999999999985,-60.0
27.966000000000037,41.5
23.21999999999985,-60.0
27.957000000000036,41.5
23.189999999999852,-60.0
27.948000000000036,41.5
23.15999999999985,-60.0
27.939000000000036,41.5
23.12999999999985,-60.0
27.930000000000035,41.5
23.09999999999985,-60.0
27.921000000000035,41.5
23.06999999999985,-60.0
27.912000000000035,41.5
23.03999999999985,-60.0
27.903000000000034,41.5
23.00999999999985,-60.0
27.894000000000034,41.5
22.979999999999848,-60.0
27.885000000000034,41.5
22.949999999999847,-60.0
27.876000000000033,41.5
22.919999999999845,-60.0
27.867000000000033,41.5
22.889999999999848,-60.0
27.858000000000033,41.5
22.859999999999847,-60.0
27.849000000000032,41.5
22.829999999999846,-60.0
27.840000000000035,41.5
22.799999999999848,-60.0
27.831000000000035,41.5
22.769999999999847,-60.0
27.822000000000035,41.5
22.739999999999846,-60.0
27.813000000000034,41.5
22.709999999999845,-60.0
27.804000000000034,41.5
22.679999999999843,-60.0
27.795000000000034,41.5
22.649999999999842,-60.0
27.786000000000033,41.5
22.61999999999984,-60.0
27.777000000000033,41.5
22.589999999999844,-60.0
27.768000000000033,41.5
22.559999999999842,-60.0
27.759000000000032,41.5
22.52999999999984,-60.0
27.750000000000032,41.5
22.499999999999844,-60.0
27.74100000000003,41.5
22.469999999999843,-60.0
27.732000000000035,41.5
22.43999999999984,-60.0
27.723000000000035,41.5
22.40999999999984,-60.0
27.714000000000034,41.5
22.37999999999984,-60.0
27.705000000000034,41.5
22.349999999999838,-60.0
27.696000000000033,41.5
22.319999999999837,-60.0
27.687000000000033,41.5
22.28999999999984,-60.0
27.678000000000033,41.5
22.259999999999838,-60.0
27.669000000000032,41.5
22.229999999999837,-60.0
27.660000000000032,41.5
22.19999999999984,-60.0
27.65100000000003,41.5
22.16999999999984,-60.0
27.64200000000003,41.5
22.139999999999837,-60.0
27.63300000000003,41.5
22.109999999999836,-60.0
27.62400000000003,41.5
22.079999999999835,-60.0
27.61500000000003,41.5
22.049999999999834,-60.0
27.60600000000003,41.5
22.019999999999833,-60.0
27.597000000000033,41.5
21.989999999999835,-60.0
27.588000000000033,41.5
21.959999999999834,-60.0
27.579000000000033,41.5
21.929999999999833,-60.0
27.570000000000032,41.5
21.899999999999835,-60.0
27.561000000000032,41.5
21.869999999999834,-60.0
27.55200000000003,41.5
21.839999999999833,-60.0
27.543000000000035,41.5
21.80999999999983,-60.0
27.534000000000034,41.5
21.77999999999983,-60.0
27.525000000000034,41.5
21.74999999999983,-60.0
27.516000000000034,41.5
21.71999999999983,-60.0
27.507000000000033,41.5
21.68999999999983,-60.0
27.498000000000033,41.5
21.65999999999983,-60.0
27.489000000000033,41.5
21.62999999999983,-60.0
27.480000000000036,41.5
21.59999999999983,-60.0
27.471000000000036,41.5
21.56999999999983,-60.0
27.462000000000035,41.5
21.53999999999983,-60.0
27.453000000000035,41.5
21.509999999999827,-60.0
27.444000000000035,41.5
21.479999999999826,-60.0
27.435000000000034,41.5
21.449999999999825,-60.0
27.426000000000037,41.5
21.419999999999824,-60.0
27.417000000000037,41.5
21.389999999999826,-60.0
27.408000000000037,41.5
21.359999999999825,-60.0
27.399000000000036,41.5
21.329999999999824,-60.0
27.390000000000036,41.5
21.299999999999827,-60.0
27.381000000000036,41.5
21.269999999999825,-60.0
27.372000000000035,41.5
21.239999999999824,-60.0
27.36300000000004,41.5
21.209999999999823,-60.0
27.35400000000004,41.5
21.179999999999822,-60.0
27.345000000000038,41.5
21.14999999999982,-60.0
27.336000000000038,41.5
21.11999999999982,-60.0
27.327000000000037,41.5
21.089999999999822,-60.0
27.318000000000037,41.5
21.05999999999982,-60.0
27.30900000000004,41.5
21.02999999999982,-60.0
27.30000000000004,41.5
20.999999999999822,-60.0
27.29100000000004,41.5
20.96999999999982,-60.0
27.28200000000004,41.5
20.93999999999982,-60.0
27.27300000000004,41.5
20.90999999999982,-60.0
27.26400000000004,41.5
20.879999999999818,-60.0
27.255000000000038,41.5
20.849999999999817,-60.0
27.246000000000038,41.5
20.819999999999816,-60.0
27.23700000000004,41.5
20.789999999999818,-60.0
27.22800000000004,41.5
20.759999999999817,-60.0
27.21900000000004,41.5
20.729999999999816,-60.0
27.21000000000004,41.5
20.699999999999818,-60.0
27.20100000000004,41.5
20.669999999999817,-60.0
27.19200000000004,41.5
20.639999999999816,-60.0
27.183000000000042,41.5
20.609999999999815,-60.0
27.174000000000042,41.5
20.579999999999814,-60.0
27.165000000000042,41.5
20.549999999999812,-60.0
27.15600000000004,41.5
20.51999999999981,-60.0
27.14700000000004,41.5
20.489999999999814,-60.0
27.13800000000004,41.5
20.459999999999813,-60.0
27.12900000000004,41.5
20.42999999999981,-60.0
27.120000000000044,41.5
20.399999999999814,-60.0
27.111000000000043,41.5
20.369999999999813,-60.0
27.102000000000043,41.5
20.33999999999981,-60.0
27.093000000000043,41.5
20.30999999999981,-60.0
27.084000000000042,41.5
20.27999999999981,-60.0
27.075000000000042,41.5
20.249999999999808,-60.0
27.066000000000045,41.5
20.21999999999981,-60.0
27.057000000000045,41.5
20.18999999999981,-60.0
27.048000000000044,41.5
20.159999999999812,-60.0
27.039000000000044,41.5
20.12999999999981,-60.0
27.030000000000044,41.5
20.09999999999981,-60.0
27.021000000000043,41.5
20.06999999999981,-60.0
27.012000000000043,41.5
20.039999999999807,-60.0
27.003000000000046,41.5
20.009999999999806,-60.0
26.994000000000046,41.5
19.979999999999805,-60.0
26.985000000000046,41.5
19.949999999999804,-60.0
26.976000000000045,41.5
19.919999999999806,-60.0
26.967000000000045,41.5
19.889999999999805,-60.0
26.958000000000045,41.5
19.859999999999808,-60.0
26.949000000000048,41.5
19.829999999999806,-60.0
26.940000000000047,41.5
19.799999999999805,-60.0
26.931000000000047,41.5
19.769999999999804,-60.0
26.922000000000047,41.5
19.739999999999803,-60.0
26.913000000000046,41.5
19.709999999999802,-60.0
26.904000000000046,41.5
19.6799999999998,-60.0
26.895000000000046,41.5
19.6499999999998,-60.0
26.886000000000045,41.5
19.619999999999802,-60.0
26.87700000000005,41.5
19.5899999999998,-60.0
26.86800000000005,41.5
19.559999999999803,-60.0
26.859000000000048,41.5
19.529999999999802,-60.0
26.850000000000048,41.5
19.4999999999998,-60.0
26.841000000000047,41.5
19.4699999999998,-60.0
26.832000000000047,41.5
19.4399999999998,-60.0
26.82300000000005,41.5
19.409999999999798,-60.0
26.81400000000005,41.5
19.379999999999797,-60.0
26.80500000000005,41.5
19.349999999999795,-60.0
26.79600000000005,41.5
19.319999999999798,-60.0
26.78700000000005,41.5
19.289999999999797,-60.0
26.77800000000005,41.5
19.2599999999998,-60.0
26.769000000000048,41.5
19.229999999999798,-60.0
26.76000000000005,41.5
19.199999999999797,-60.0
26.75100000000005,41.5
19.169999999999796,-60.0
26.74200000000005,41.5
19.139999999999795,-60.0
26.73300000000005,41.5
19.109999999999793,-60.0
26.72400000000005,41.5
19.079999999999792,-60.0
26.71500000000005,41.5
19.04999999999979,-60.0
26.706000000000053,41.5
19.019999999999794,-60.0
26.697000000000052,41.5
18.989999999999792,-60.0
26.688000000000052,41.5
18.959999999999795,-60.0
26.679000000000052,41.5
18.929999999999794,-60.0
26.67000000000005,41.5
18.899999999999793,-60.0
26.66100000000005,41.5
18.86999999999979,-60.0
26.65200000000005,41.5
18.83999999999979,-60.0
26.643000000000054,41.5
18.80999999999979,-60.0
26.634000000000054,41.5
18.779999999999788,-60.0
26.625000000000053,41.5
18.749999999999787,-60.0
26.616000000000053,41.5
18.71999999999979,-60.0
26.607000000000053,41.5
18.689999999999788,-60.0
26.598000000000052,41.5
18.65999999999979,-60.0
26.589000000000055,41.5
18.62999999999979,-60.0
26.580000000000055,41.5
18.59999999999979,-60.0
26.571000000000055,41.5
18.569999999999787,-60.0
26.562000000000054,41.5
18.539999999999786,-60.0
26.553000000000054,41.5
18.509999999999785,-60.0
26.544000000000054,41.5
18.479999999999784,-60.0
26.535000000000053,41.5
18.449999999999783,-60.0
26.526000000000053,41.5
18.419999999999785,-60.0
26.517000000000056,41.5
18.389999999999784,-60.0
26.508000000000056,41.5
18.359999999999786,-60.0
26.499000000000056,41.5
18.329999999999785,-60.0
26.490000000000055,41.5
18.299999999999784,-60.0
26.481000000000055,41.5
18.269999999999783,-60.0
26.472000000000055,41.5
18.23999999999978,-60.0
26.463000000000058,41.5
18.20999999999978,-60.0
26.454000000000057,41.5
18.17999999999978,-60.0
26.445000000000057,41.5
18.14999999999978,-60.0
26.436000000000057,41.5
18.11999999999978,-60.0
26.427000000000056,41.5
18.08999999999978,-60.0
26.418000000000056,41.5
18.059999999999782,-60.0
26.409000000000056,41.5
18.02999999999978,-60.0
26.40000000000006,41.5
17.99999999999978,-60.0
26.39100000000006,41.5
17.96999999999978,-60.0
26.38200000000006,41.5
17.939999999999777,-60.0
26.373000000000058,41.5
17.909999999999776,-60.0
26.364000000000058,41.5
17.879999999999775,-60.0
26.355000000000057,41.5
17.849999999999774,-60.0
26.34600000000006,41.5
17.819999999999776,-60.0
26.33700000000006,41.5
17.789999999999775,-60.0
26.32800000000006,41.5
17.759999999999778,-60.0
26.31900000000006,41.5
17.729999999999777,-60.0
26.31000000000006,41.5
17.699999999999775,-60.0
26.30100000000006,41.5
17.669999999999774,-60.0
26.29200000000006,41.5
17.639999999999773,-60.0
26.28300000000006,41.5
17.609999999999772,-60.0
26.27400000000006,41.5
17.57999999999977,-60.0
26.26500000000006,41.5
17.54999999999977,-60.0
26.25600000000006,41.5
17.519999999999772,-60.0
26.24700000000006,41.5
17.48999999999977,-60.0
26.23800000000006,41.5
17.459999999999773,-60.0
26.229000000000063,41.5
17.429999999999772,-60.0
26.220000000000063,41.5
17.39999999999977,-60.0
26.211000000000062,41.5
17.36999999999977,-60.0
26.202000000000062,41.5
17.33999999999977,-60.0
26.193000000000062,41.5
17.309999999999768,-60.0
26.18400000000006,41.5
17.279999999999767,-60.0
26.17500000000006,41.5
17.249999999999766,-60.0
26.16600000000006,41.5
17.219999999999768,-60.0
26.157000000000064,41.5
17.189999999999767,-60.0
26.148000000000064,41.5
17.15999999999977,-60.0
26.139000000000063,41.5
17.129999999999768,-60.0
26.130000000000063,41.5
17.099999999999767,-60.0
26.121000000000063,41.5
17.069999999999766,-60.0
26.112000000000066,41.5
17.039999999999765,-60.0
26.103000000000065,41.5
17.009999999999764,-60.0
26.094000000000065,41.5
16.979999999999762,-60.0
26.085000000000065,41.5
16.94999999999976,-60.0
26.076000000000064,41.5
16.919999999999764,-60.0
26.067000000000064,41.5
16.889999999999763,-60.0
26.058000000000064,41.5
16.859999999999765,-60.0
26.049000000000063,41.5
16.829999999999764,-60.0
26.040000000000067,41.5
16.799999999999763,-60.0
26.031000000000066,41.5
16.76999999999976,-60.0
26.022000000000066,41.5
16.73999999999976,-60.0
26.013000000000066,41.5
16.70999999999976,-60.0
26.004000000000065,41.5
16.679999999999758,-60.0
25.99500000000007,41.5
16.649999999999757,-60.0
25.986000000000068,41.5
16.61999999999976,-60.0
25.977000000000068,41.5
16.58999999999976,-60.0
25.968000000000067,41.5
16.55999999999976,-60.0
25.959000000000067,41.5
16.52999999999976,-60.0
25.950000000000067,41.5
16.49999999999976,-60.0
25.941000000000066,41.5
16.469999999999757,-60.0
25.932000000000066,41.5
16.439999999999756,-60.0
25.923000000000066,41.5
16.409999999999755,-60.0
25.91400000000007,41.5
16.379999999999754,-60.0
25.90500000000007,41.5
16.349999999999753,-60.0
25.89600000000007,41.5
16.319999999999755,-60.0
25.887000000000068,41.5
16.289999999999754,-60.0
25.878000000000068,41.5
16.259999999999756,-60.0
25.86900000000007,41.5
16.229999999999755,-60.0
25.86000000000007,41.5
16.199999999999754,-60.0
25.85100000000007,41.5
16.169999999999753,-60.0
25.84200000000007,41.5
16.139999999999752,-60.0
25.83300000000007,41.5
16.10999999999975,-60.0
25.82400000000007,41.5
16.07999999999975,-60.0
25.81500000000007,41.5
16.04999999999975,-60.0
25.80600000000007,41.5
16.01999999999975,-60.0
25.79700000000007,41.5
15.98999999999975,-60.0
25.78800000000007,41.5
15.95999999999975,-60.0
25.77900000000007,41.5
15.92999999999975,-60.0
25.77000000000007,41.5
15.899999999999748,-60.0
25.76100000000007,41.5
15.869999999999749,-60.0
25.752000000000073,41.5
15.839999999999748,-60.0
25.743000000000073,41.5
15.809999999999748,-60.0
25.734000000000073,41.5
15.779999999999747,-60.0
25.725000000000072,41.5
15.749999999999746,-60.0
25.716000000000072,41.5
15.719999999999747,-60.0
25.707000000000072,41.5
15.689999999999745,-60.0
25.69800000000007,41.5
15.659999999999746,-60.0
25.68900000000007,41.5
15.629999999999745,-60.0
25.680000000000074,41.5
15.599999999999746,-60.0
25.671000000000074,41.5
15.569999999999744,-60.0
25.662000000000074,41.5
15.539999999999743,-60.0
25.653000000000073,41.5
15.509999999999744,-60.0
25.644000000000073,41.5
15.479999999999743,-60.0
25.635000000000076,41.5
15.449999999999743,-60.0
25.626000000000076,41.5
15.419999999999742,-60.0
25.617000000000075,41.5
15.389999999999741,-60.0
25.608000000000075,41.5
15.359999999999742,-60.0
25.599000000000075,41.5
15.32999999999974,-60.0
25.590000000000074,41.5
15.299999999999741,-60.0
25.581000000000074,41.5
15.26999999999974,-60.0
25.572000000000074,41.5
15.239999999999739,-60.0
25.563000000000073,41.5
15.20999999999974,-60.0
25.554000000000077,41.5
15.179999999999739,-60.0
25.545000000000076,41.5
15.14999999999974,-60.0
25.536000000000076,41.5
15.119999999999738,-60.0
25.527000000000076,41.5
15.089999999999737,-60.0
25.518000000000075,41.5
15.059999999999738,-60.0
25.50900000000008,41.5
15.0,-60.0
