500
30.0,85.0
45.0,-60.0
34.464,41.5
44.879999999999995,-60.0
34.428,41.5
44.76,-60.0
34.392,41.5
44.64,-60.0
34.356,41.5
44.52,-60.0
34.32,41.5
44.400000000000006,-60.0
34.284,41.5
44.28,-60.0
34.248000000000005,41.5
44.160000000000004,-60.0
34.212,41.5
44.040000000000006,-60.0
34.176,41.5
43.92,-60.0
34.14,41.5
43.800000000000004,-60.0
34.104,41.5
43.68000000000001,-60.0
34.068000000000005,41.5
43.56,-60.0
34.032000000000004,41.5
43.440000000000005,-60.0
33.996,41.5
43.32000000000001,-60.0
33.96,41.5
43.2,-60.0
33.92400000000001,41.5
43.080000000000005,-60.0
33.888000000000005,41.5
42.96000000000001,-60.0
33.852000000000004,41.5
42.84,-60.0
33.816,41.5
42.720000000000006,-60.0
33.78,41.5
42.60000000000001,-60.0
33.74400000000001,41.5
42.48000000000001,-60.0
33.708000000000006,41.5
42.36000000000001,-60.0
33.672000000000004,41.5
42.24000000000001,-60.0
33.636,41.5
42.12000000000001,-60.0
33.60000000000001,41.5
42.000000000000014,-60.0
33.56400000000001,41.5
41.88000000000001,-60.0
33.528000000000006,41.5
41.76000000000001,-60.0
33.492000000000004,41.5
41.640000000000015,-60.0
33.456,41.5
41.52000000000001,-60.0
33.42000000000001,41.5
41.40000000000001,-60.0
33.38400000000001,41.5
41.280000000000015,-60.0
33.348000000000006,41.5
41.16000000000001,-60.0
33.312000000000005,41.5
41.04000000000001,-60.0
33.27600000000001,41.5
40.920000000000016,-60.0
33.24000000000001,41.5
40.80000000000001,-60.0
33.20400000000001,41.5
40.680000000000014,-60.0
33.168000000000006,41.5
40.56000000000002,-60.0
33.13200000000001,41.5
40.44000000000001,-60.0
33.09600000000001,41.5
40.320000000000014,-60.0
33.06000000000001,41.5
40.20000000000002,-60.0
33.02400000000001,41.5
40.08000000000002,-60.0
32.98800000000001,41.5
39.960000000000015,-60.0
32.95200000000001,41.5
39.84000000000002,-60.0
32.91600000000001,41.5
39.72000000000002,-60.0
32.88000000000001,41.5
39.60000000000002,-60.0
32.84400000000001,41.5
39.48000000000002,-60.0
32.808000000000014,41.5
39.36000000000002,-60.0
32.77200000000001,41.5
39.24000000000002,-60.0
32.73600000000001,41.5
39.12000000000002,-60.0
32.70000000000001,41.5
39.00000000000002,-60.0
32.66400000000001,41.5
38.880000000000024,-60.0
32.628000000000014,41.5
38.76000000000002,-60.0
32.59200000000001,41.5
38.64000000000002,-60.0
32.55600000000001,41.5
38.520000000000024,-60.0
32.52000000000001,41.5
38.40000000000002,-60.0
32.484000000000016,41.5
38.28000000000002,-60.0
32.448000000000015,41.5
38.160000000000025,-60.0
32.41200000000001,41.5
38.04000000000002,-60.0
32.37600000000001,41.5
37.92000000000002,-60.0
32.34000000000001,41.5
37.800000000000026,-60.0
32.304000000000016,41.5
37.68000000000003,-60.0
32.268000000000015,41.5
37.560000000000024,-60.0
32.23200000000001,41.5
37.440000000000026,-60.0
32.19600000000001,41.5
37.32000000000003,-60.0
32.16000000000001,41.5
37.20000000000003,-60.0
32.12400000000002,41.5
37.08000000000003,-60.0
32.088000000000015,41.5
36.96000000000003,-60.0
32.052000000000014,41.5
36.84000000000003,-60.0
32.01600000000001,41.5
36.72000000000003,-60.0
31.980000000000015,41.5
36.60000000000003,-60.0
31.944000000000013,41.5
36.48000000000003,-60.0
31.908000000000012,41.5
36.36000000000003,-60.0
31.872000000000014,41.5
36.24000000000003,-60.0
31.836000000000013,41.5
36.12000000000003,-60.0
31.80000000000001,41.5
36.00000000000003,-60.0
31.764000000000014,41.5
35.88000000000003,-60.0
31.728000000000012,41.5
35.76000000000003,-60.0
31.692000000000014,41.5
35.640000000000036,-60.0
31.656000000000013,41.5
35.52000000000003,-60.0
31.62000000000001,41.5
35.400000000000034,-60.0
31.584000000000014,41.5
35.28000000000004,-60.0
31.548000000000012,41.5
35.16000000000003,-60.0
31.51200000000001,41.5
35.040000000000035,-60.0
31.476000000000013,41.5
34.92000000000004,-60.0
31.440000000000012,41.5
34.80000000000004,-60.0
31.404000000000014,41.5
34.680000000000035,-60.0
31.368000000000013,41.5
34.56000000000004,-60.0
31.33200000000001,41.5
34.44000000000003,-60.0
31.296000000000014,41.5
34.320000000000036,-60.0
31.260000000000012,41.5
34.20000000000004,-60.0
31.22400000000001,41.5
34.080000000000034,-60.0
31.188000000000013,41.5
33.960000000000036,-60.0
31.15200000000001,41.5
33.84000000000003,-60.0
31.116000000000014,41.5
33.720000000000034,-60.0
31.080000000000013,41.5
33.60000000000004,-60.0
31.04400000000001,41.5
33.48000000000003,-60.0
31.008000000000013,41.5
33.360000000000035,-60.0
30.972000000000012,41.5
33.24000000000004,-60.0
30.93600000000001,41.5
33.12000000000003,-60.0
30.900000000000013,41.5
33.000000000000036,-60.0
30.86400000000001,41.5
32.88000000000004,-60.0
30.828000000000014,41.5
32.76000000000003,-60.0
30.792000000000012,41.5
32.640000000000036,-60.0
30.75600000000001,41.5
32.52000000000003,-60.0
30.720000000000013,41.5
32.400000000000034,-60.0
30.68400000000001,41.5
32.28000000000004,-60.0
30.64800000000001,41.5
32.16000000000003,-60.0
30.612000000000013,41.5
32.040000000000035,-60.0
30.57600000000001,41.5
31.920000000000034,-60.0
30.540000000000013,41.5
31.800000000000033,-60.0
30.504000000000012,41.5
31.680000000000035,-60.0
30.46800000000001,41.5
31.560000000000034,-60.0
30.432000000000013,41.5
31.440000000000033,-60.0
30.39600000000001,41.5
31.320000000000032,-60.0
30.36000000000001,41.5
31.20000000000003,-60.0
30.324000000000012,41.5
31.080000000000034,-60.0
30.28800000000001,41.5
30.960000000000033,-60.0
30.252000000000013,41.5
30.840000000000032,-60.0
30.21600000000001,41.5
30.720000000000034,-60.0
30.18000000000001,41.5
30.600000000000033,-60.0
30.144000000000013,41.5
30.480000000000032,-60.0
30.10800000000001,41.5
30.360000000000035,-60.0
30.072000000000013,41.5
30.240000000000034,-60.0
30.036000000000012,41.5
30.120000000000033,-60.0
30.00000000000001,41.5
30.000000000000032,-60.0
29.964000000000013,41.5
29.880000000000035,-60.0
29.92800000000001,41.5
29.760000000000034,-60.0
29.89200000000001,41.5
29.640000000000033,-60.0
29.856000000000012,41.5
29.52000000000003,-60.0
29.82000000000001,41.5
29.400000000000034,-60.0
29.784000000000013,41.5
29.280000000000033,-60.0
29.74800000000001,41.5
29.160000000000032,-60.0
29.71200000000001,41.5
29.040000000000035,-60.0
29.676000000000013,41.5
28.920000000000034,-60.0
29.64000000000001,41.5
28.800000000000033,-60.0
29.604000000000013,41.5
28.68000000000003,-60.0
29.568000000000012,41.5
28.560000000000034,-60.0
29.53200000000001,41.5
28.440000000000033,-60.0
29.496000000000013,41.5
28.320000000000032,-60.0
29.46000000000001,41.5
28.20000000000003,-60.0
29.42400000000001,41.5
28.080000000000034,-60.0
29.388000000000012,41.5
27.960000000000033,-60.0
29.35200000000001,41.5
27.840000000000032,-60.0
29.316000000000013,41.5
27.720000000000034,-60.0
29.280000000000012,41.5
27.600000000000033,-60.0
29.24400000000001,41.5
27.480000000000032,-60.0
29.208000000000013,41.5
27.36000000000003,-60.0
29.17200000000001,41.5
27.24000000000003,-60.0
29.13600000000001,41.5
27.120000000000033,-60.0
29.100000000000012,41.5
27.000000000000032,-60.0
29.06400000000001,41.5
26.88000000000003,-60.0
29.028000000000013,41.5
26.760000000000034,-60.0
28.99200000000001,41.5
26.640000000000033,-60.0
28.95600000000001,41.5
26.52000000000003,-60.0
28.920000000000012,41.5
26.40000000000003,-60.0
28.88400000000001,41.5
26.28000000000003,-60.0
28.84800000000001,41.5
26.160000000000032,-60.0
28.812000000000012,41.5
26.04000000000003,-60.0
28.77600000000001,41.5
25.92000000000003,-60.0
28.740000000000013,41.5
25.800000000000033,-60.0
28.70400000000001,41.5
25.68000000000003,-60.0
28.66800000000001,41.5
25.56000000000003,-60.0
28.632000000000012,41.5
25.44000000000003,-60.0
28.59600000000001,41.5
25.32000000000003,-60.0
28.56000000000001,41.5
25.20000000000003,-60.0
28.52400000000001,41.5
25.08000000000003,-60.0
28.48800000000001,41.5
24.96000000000003,-60.0
28.452000000000012,41.5
24.840000000000032,-60.0
28.41600000000001,41.5
24.72000000000003,-60.0
28.38000000000001,41.5
24.600000000000033,-60.0
28.344000000000012,41.5
24.480000000000032,-60.0
28.30800000000001,41.5
24.360000000000035,-60.0
28.27200000000001,41.5
24.240000000000034,-60.0
28.23600000000001,41.5
24.120000000000033,-60.0
28.20000000000001,41.5
24.000000000000036,-60.0
28.164000000000012,41.5
23.880000000000035,-60.0
28.12800000000001,41.5
23.760000000000034,-60.0
28.09200000000001,41.5
23.640000000000036,-60.0
28.05600000000001,41.5
23.520000000000035,-60.0
28.02000000000001,41.5
23.400000000000038,-60.0
27.98400000000001,41.5
23.280000000000037,-60.0
27.94800000000001,41.5
23.16000000000004,-60.0
27.91200000000001,41.5
23.04000000000004,-60.0
27.876000000000012,41.5
22.920000000000037,-60.0
27.84000000000001,41.5
22.80000000000004,-60.0
27.80400000000001,41.5
22.68000000000004,-60.0
27.76800000000001,41.5
22.560000000000038,-60.0
27.73200000000001,41.5
22.44000000000004,-60.0
27.696000000000012,41.5
22.32000000000004,-60.0
27.66000000000001,41.5
22.200000000000042,-60.0
27.62400000000001,41.5
22.08000000000004,-60.0
27.58800000000001,41.5
21.960000000000043,-60.0
27.55200000000001,41.5
21.840000000000042,-60.0
27.516000000000012,41.5
21.72000000000004,-60.0
27.48000000000001,41.5
21.600000000000044,-60.0
27.44400000000001,41.5
21.480000000000043,-60.0
27.408000000000012,41.5
21.360000000000042,-60.0
27.37200000000001,41.5
21.240000000000045,-60.0
27.336000000000013,41.5
21.120000000000047,-60.0
27.30000000000001,41.5
21.000000000000043,-60.0
27.264000000000014,41.5
20.880000000000045,-60.0
27.228000000000012,41.5
20.760000000000048,-60.0
27.192000000000014,41.5
20.640000000000047,-60.0
27.156000000000013,41.5
20.520000000000046,-60.0
27.12000000000001,41.5
20.40000000000005,-60.0
27.084000000000014,41.5
20.280000000000047,-60.0
27.048000000000012,41.5
20.160000000000046,-60.0
27.012000000000015,41.5
20.04000000000005,-60.0
26.976000000000013,41.5
19.92000000000005,-60.0
26.940000000000015,41.5
19.800000000000047,-60.0
26.904000000000014,41.5
19.68000000000005,-60.0
26.868000000000016,41.5
19.560000000000052,-60.0
26.832000000000015,41.5
19.44000000000005,-60.0
26.796000000000017,41.5
19.32000000000005,-60.0
26.760000000000016,41.5
19.200000000000053,-60.0
26.724000000000018,41.5
19.08000000000005,-60.0
26.688000000000017,41.5
18.96000000000005,-60.0
26.652000000000015,41.5
18.840000000000053,-60.0
26.616000000000017,41.5
18.720000000000056,-60.0
26.580000000000016,41.5
18.60000000000005,-60.0
26.54400000000002,41.5
18.480000000000054,-60.0
26.508000000000017,41.5
18.360000000000056,-60.0
26.47200000000002,41.5
18.240000000000055,-60.0
26.436000000000018,41.5
18.120000000000054,-60.0
26.40000000000002,41.5
18.000000000000057,-60.0
26.36400000000002,41.5
17.880000000000056,-60.0
26.328000000000017,41.5
17.760000000000055,-60.0
26.29200000000002,41.5
17.640000000000057,-60.0
26.256000000000018,41.5
17.52000000000006,-60.0
26.22000000000002,41.5
17.400000000000055,-60.0
26.18400000000002,41.5
17.280000000000058,-60.0
26.14800000000002,41.5
17.16000000000006,-60.0
26.11200000000002,41.5
17.04000000000006,-60.0
26.076000000000022,41.5
16.92000000000006,-60.0
26.04000000000002,41.5
16.80000000000006,-60.0
26.00400000000002,41.5
16.68000000000006,-60.0
25.96800000000002,41.5
16.56000000000006,-60.0
25.932000000000023,41.5
16.44000000000006,-60.0
25.896000000000022,41.5
16.320000000000064,-60.0
25.86000000000002,41.5
16.20000000000006,-60.0
25.824000000000023,41.5
16.080000000000062,-60.0
25.78800000000002,41.5
15.960000000000063,-60.0
25.752000000000024,41.5
15.840000000000064,-60.0
25.716000000000022,41.5
15.720000000000065,-60.0
25.68000000000002,41.5
15.600000000000064,-60.0
25.644000000000023,41.5
15.480000000000064,-60.0
25.608000000000025,41.5
15.360000000000065,-60.0
25.572000000000024,41.5
15.240000000000066,-60.0
25.536000000000023,41.5
15.0,-60.0
